Iteration 0:
0.134009 4.522297 11.320300
-2.074832 2.602487 9.180024
2.196293 -5.000000 11.533909
-3.702096 -2.039684 10.317666
0.609098 -2.510467 8.426673
1.357117 -0.990556 5.741952
0.671206 2.984400 8.444894
1.288709 3.041768 8.746137
1.069689 0.259954 4.077251
1.268770 0.316064 5.324090
4.308098 2.209523 11.684934
-2.157066 2.385343 9.122233
-0.623624 4.318351 11.359043
3.088559 5.000000 11.486393
5.000000 0.366735 11.695905
0.267450 -2.166853 6.816161
-4.302447 -0.422983 11.319967
-4.836994 1.126398 10.968927
2.837635 1.658614 9.163316
0.539700 -0.226029 3.642648
-2.817431 4.190265 11.450253
-2.854736 -1.603539 9.219047
2.896383 3.907641 10.404286
-1.647772 2.172969 8.183020
-3.340258 -0.598955 9.832459
1.375523 0.886401 5.826653
4.077611 1.399609 10.809181
-1.352155 2.713577 9.030165
0.045143 2.307180 6.931615
-1.015633 3.147669 7.970326
1.842185 4.109720 10.206091
1.437408 -0.669600 6.241349
-0.896701 3.048836 7.559662
1.811395 -3.706196 10.504547
-1.511071 4.706341 12.246715
3.800752 3.292011 11.869544
-1.459513 1.878614 7.547234
-2.126005 2.029968 7.198714
0.940841 -4.851806 10.628419
0.125354 -4.607197 11.333442
-1.908589 4.247156 10.830456
-3.613059 0.516372 10.365801
3.401877 -1.056171 9.569939
4.116474 4.161951 12.092118
0.202412 1.398098 5.564166
3.915295 -4.139442 11.664631
-1.800052 1.952826 7.097735
3.933724 -1.496398 10.730988
3.391122 -1.475417 10.449371
0.397603 -1.247930 5.425271
Iteration 1:
1.437408 -0.669600 6.241349
3.391122 -1.475417 10.449371
-2.302735 1.673948 8.671507
0.267450 -2.166853 6.816161
-1.913167 4.046041 9.621737
-0.867443 -3.406987 9.631040
-2.126005 2.029968 7.198714
-1.827732 2.431252 8.907145
0.111591 -1.439882 5.492332
-1.647772 2.172969 8.183020
-1.941789 2.635975 8.981918
0.039131 5.000000 10.179408
0.539700 -0.226029 3.642648
0.197102 4.082833 9.682160
2.117090 -2.757639 9.002225
0.940841 -4.851806 10.628419
1.357117 -0.990556 5.741952
-0.714121 -0.834467 4.443771
-2.074832 2.602487 9.180024
1.268770 0.316064 5.324090
0.609098 -0.893233 4.549305
0.134009 4.522297 11.320300
-1.459513 1.878614 7.547234
-0.896701 3.048836 7.559662
2.196293 -2.345112 9.130845
-5.000000 0.267312 11.305248
0.481965 -0.916256 4.504633
-3.340258 -0.598955 9.832459
-1.099810 1.759716 6.259303
-1.582478 -3.339413 10.362597
-2.924384 1.388299 9.000093
0.397603 -1.247930 5.425271
4.781068 1.327465 11.931604
0.671206 2.984400 8.444894
-2.157066 2.385343 9.122233
1.069689 0.259954 4.077251
-0.698221 2.101956 6.824095
1.084321 4.161951 9.830033
0.202412 1.398098 5.564166
3.131504 -0.189432 8.195078
-4.836994 1.126398 10.968927
0.348299 5.000000 11.639561
2.837635 1.658614 9.163316
1.375523 0.886401 5.826653
4.077611 1.399609 10.809181
3.401877 -1.056171 9.569939
-1.352155 2.713577 9.030165
0.045143 2.307180 6.931615
-1.800052 1.952826 7.097735
3.933724 -1.496398 10.730988
Iteration 2:
-1.352155 2.713577 9.030165
3.131504 -0.189432 8.195078
0.134009 5.000000 10.559238
1.437408 -0.669600 6.241349
2.117090 2.291250 8.578240
-0.896701 3.048836 7.559662
-1.647772 2.172969 8.183020
-1.099810 1.759716 6.259303
2.196293 -2.345112 9.130845
-1.800052 1.952826 7.097735
-3.009219 -1.054938 7.340901
1.069689 0.259954 4.077251
-0.339346 2.591419 8.394599
-2.302735 1.673948 8.671507
0.609098 -0.893233 4.549305
-0.844289 3.246346 8.935484
-1.146878 -0.693251 5.035498
3.933724 -1.496398 10.730988
1.375523 0.886401 5.826653
0.481965 -0.916256 4.504633
0.111591 -1.439882 5.492332
-1.827732 2.431252 8.907145
-0.698221 2.101956 6.824095
1.357117 -0.990556 5.741952
0.267450 -2.166853 6.816161
0.256429 -2.245089 7.193780
-2.074832 2.602487 9.180024
0.671206 -2.332846 7.914805
-0.867443 -3.406987 9.631040
1.765015 -0.156854 5.769837
-1.459513 1.878614 7.547234
0.539700 -0.226029 3.642648
0.045143 2.307180 6.931615
-2.126005 2.029968 7.198714
1.845882 1.388299 7.385205
-2.809361 -3.466852 11.342035
1.268770 0.316064 5.324090
-3.917459 1.954315 9.456216
-0.714121 -0.121855 3.383484
2.163278 -2.205458 8.309716
-0.603920 -1.489624 6.376788
-0.797598 3.234702 9.017020
0.202412 1.398098 5.564166
-0.609421 0.357157 4.122159
-5.000000 0.267312 11.305248
-4.836994 1.126398 10.968927
2.837635 1.658614 9.163316
3.391122 -1.475417 10.449371
0.397603 -1.247930 5.425271
0.039131 1.456907 5.440261
Iteration 3:
0.111591 -1.439882 5.492332
-2.302735 1.673948 8.671507
0.671206 -2.332846 7.914805
-0.714121 -0.121855 3.383484
0.609098 -0.893233 4.549305
0.554550 -1.775282 6.668032
-1.459513 1.878614 7.547234
1.375523 0.886401 5.826653
1.069689 0.259954 4.077251
-0.844289 3.246346 8.935484
1.981981 0.565507 6.735843
1.845882 1.388299 7.385205
1.769016 2.199183 8.058632
1.945478 1.290772 6.931474
1.437408 -0.669600 6.241349
2.117090 2.291250 8.578240
0.267450 -2.166853 6.816161
-1.099810 1.759716 6.259303
1.765015 -0.156854 5.769837
-1.800052 1.952826 7.097735
1.013813 -5.000000 10.284617
2.604773 -0.350374 8.425500
3.131504 -0.189432 8.195078
0.562837 -0.693251 4.561619
0.039131 1.456907 5.440261
0.256429 -2.245089 7.193780
-3.169178 1.187554 8.781641
1.357117 -0.990556 5.741952
-1.009815 2.936560 7.215431
-1.096175 -0.910526 4.064990
-0.896701 3.048836 7.559662
0.854845 2.602487 8.231341
1.127136 -1.030801 4.288638
-1.827732 2.431252 8.907145
0.045143 2.307180 6.931615
-0.339346 2.591419 8.394599
0.202412 1.398098 5.564166
-3.021128 -1.496398 9.307084
0.528964 0.267312 3.747030
-0.698221 2.101956 6.824095
1.268770 0.316064 5.324090
-0.603920 -1.489624 6.376788
-2.183528 1.126398 6.849849
2.837635 1.658614 9.163316
-0.146143 -3.616610 9.796784
0.397603 -1.247930 5.425271
-2.126005 2.029968 7.198714
-0.609421 0.357157 4.122159
0.539700 -0.226029 3.642648
2.163278 -2.205458 8.309716
Iteration 4:
-1.089415 2.004875 5.717668
-0.339346 2.591419 8.394599
1.127136 -1.030801 4.288638
-2.370806 -0.671928 8.043114
1.945478 1.290772 6.931474
0.111591 -1.439882 5.492332
0.539700 -0.226029 3.642648
0.004498 -2.606254 7.770871
-0.146143 -0.380097 2.896802
0.908917 1.277387 5.297844
0.609098 -0.893233 4.549305
-2.183528 1.126398 6.849849
0.058310 -0.583203 3.275037
-0.714121 -0.121855 3.383484
-3.169178 1.187554 8.781641
1.442519 -0.534286 6.244122
0.202412 1.398098 5.564166
2.117090 2.291250 8.578240
1.437408 -0.669600 6.241349
2.163278 -2.205458 8.309716
0.352085 0.466388 3.849934
-1.099810 1.759716 6.259303
-1.459513 1.878614 7.547234
3.131504 -0.189432 8.195078
-0.422559 0.599120 4.259818
1.013813 -5.000000 10.284617
2.311497 1.853356 8.443491
1.069689 0.259954 4.077251
0.854845 2.602487 8.231341
1.375523 0.886401 5.826653
-1.096175 -0.910526 4.064990
1.845882 1.388299 7.385205
-0.698221 2.101956 6.824095
0.528964 0.267312 3.747030
0.045143 2.307180 6.931615
0.397603 -1.247930 5.425271
0.567168 -1.775282 6.666227
-0.763672 -0.350374 4.181712
1.765015 -0.156854 5.769837
1.268770 0.316064 5.324090
1.110268 -0.026476 3.219591
-0.951804 0.247576 3.691235
-2.041950 -0.677619 6.663959
1.357117 -0.990556 5.741952
0.267450 -2.166853 6.816161
0.039131 1.456907 5.440261
1.981981 0.565507 6.735843
-0.603920 -1.489624 6.376788
-2.126005 2.029968 7.198714
-0.609421 0.357157 4.122159
Iteration 5:
-0.146143 -0.380097 2.896802
0.397603 -1.247930 5.425271
1.981981 0.565507 6.735843
0.004498 -0.255002 1.804096
0.854845 2.602487 8.231341
1.357117 -0.990556 5.741952
1.883306 -1.488639 7.595157
1.127136 -1.030801 4.288638
-0.698221 2.101956 6.824095
0.295820 1.510013 6.102681
-0.287646 -0.220836 2.743850
-0.714121 -0.121855 3.383484
0.257304 -0.497071 3.647541
1.437408 -0.669600 6.241349
0.908917 1.277387 5.297844
0.539700 -0.226029 3.642648
1.030281 -3.090145 7.609436
-0.343820 0.914111 4.135372
-0.629431 1.388299 6.112543
0.111591 -1.439882 5.492332
2.163278 -2.205458 8.309716
0.202412 1.398098 5.564166
3.131504 -0.189432 8.195078
-2.006921 1.554359 7.721867
0.039131 1.456907 5.440261
0.904678 0.381700 4.265451
0.795188 -1.199415 5.056227
1.375523 0.886401 5.826653
0.128442 2.302009 7.079427
-0.422559 0.599120 4.259818
1.268770 0.316064 5.324090
1.069689 0.259954 4.077251
-1.096175 -0.910526 4.064990
0.352085 0.466388 3.849934
-0.160511 0.645577 3.551779
-1.285378 1.287794 6.459584
0.609098 -0.893233 4.549305
0.058310 -0.583203 3.275037
-0.609421 0.036079 3.266514
-0.210355 1.329421 5.294389
1.774897 -0.794556 6.285853
1.442519 -0.534286 6.244122
-0.951804 0.247576 3.691235
1.110268 -0.026476 3.219591
1.765015 -0.156854 5.769837
0.528964 0.267312 3.747030
-0.763672 -0.350374 4.181712
0.045143 2.307180 6.931615
-1.379574 -1.139310 6.231686
-0.603920 -1.489624 6.376788
Iteration 6:
-2.006921 1.554359 7.721867
1.357117 -0.990556 5.741952
1.069689 0.259954 4.077251
0.257304 -0.497071 3.647541
3.131504 -0.189432 8.195078
0.854845 2.602487 8.231341
0.362054 1.369215 5.833718
0.352085 0.466388 3.849934
1.218573 -0.492989 5.441799
-0.714121 -0.121855 3.383484
1.030281 -3.090145 7.609436
-0.160511 0.645577 3.551779
1.733110 -1.040354 6.152162
1.268770 0.316064 5.324090
0.904678 0.381700 4.265451
0.004498 -0.255002 1.804096
0.150188 0.114728 1.293402
0.342978 -1.444975 6.032875
-0.287646 -0.220836 2.743850
0.112635 1.073754 3.263387
-1.379574 -1.139310 6.231686
0.539700 -0.226029 3.642648
0.064696 -1.401341 5.263616
-0.763672 -0.350374 4.181712
-0.422559 0.599120 4.259818
-1.096175 -0.910526 4.064990
1.127136 -1.030801 4.288638
0.424565 -0.866474 4.374266
0.206813 -0.893233 3.458884
-0.343820 0.022464 2.427042
1.774897 -0.794556 6.285853
-1.056535 -0.727711 4.546418
1.110268 -0.026476 3.219591
0.795188 -1.199415 5.056227
0.397603 -1.247930 5.425271
-0.603920 -1.489624 6.376788
0.202412 1.398098 5.564166
0.908917 1.277387 5.297844
-0.629431 -0.462417 4.373565
0.179555 0.565507 3.544568
-0.698221 2.101956 6.824095
-0.609421 0.036079 3.266514
-1.165127 0.093571 3.810892
0.039131 1.456907 5.440261
1.612984 -0.967238 6.272657
1.442519 -0.534286 6.244122
-0.951804 0.247576 3.691235
1.765015 -0.156854 5.769837
0.045143 2.307180 6.931615
0.058310 -0.583203 3.275037
Iteration 7:
0.132299 -1.166402 3.977726
-0.343820 0.022464 2.427042
-1.216745 0.067134 4.133868
0.878049 -0.910526 3.805573
1.984185 0.897754 5.565524
-1.056535 -0.727711 4.546418
-0.051888 -0.255529 1.864130
-1.379574 -1.139310 6.231686
-0.287646 -0.220836 2.743850
-0.714121 -0.121855 3.383484
1.442519 -0.534286 6.244122
1.030281 -3.090145 7.609436
-1.139797 -0.009734 3.429234
0.257304 -0.497071 3.647541
0.179555 0.565507 3.544568
-0.170356 -0.315188 2.664783
1.069689 0.259954 4.077251
3.131504 -0.860621 8.150625
-0.698221 2.101956 6.824095
-0.951804 0.247576 3.691235
0.854845 2.602487 8.231341
0.112635 1.073754 3.263387
0.795188 -1.199415 5.056227
-0.609421 0.036079 3.266514
0.004498 -0.255002 1.804096
0.202412 1.398098 5.564166
0.902867 -0.252220 3.705556
0.206813 -0.893233 3.458884
-0.422559 0.599120 4.259818
1.218573 -0.492989 5.441799
1.110268 -0.026476 3.219591
0.904678 0.381700 4.265451
1.733110 -1.040354 6.152162
0.342978 -1.444975 6.032875
0.352085 0.466388 3.849934
0.908917 1.277387 5.297844
0.539700 -0.226029 3.642648
-0.629431 -0.462417 4.373565
0.403909 1.021246 4.507744
0.424565 -0.866474 4.374266
-0.763672 -0.350374 4.181712
0.058310 -0.583203 3.275037
-1.165127 0.093571 3.810892
-0.354658 0.328318 3.457904
0.150188 0.114728 1.293402
-0.634881 0.184300 3.625588
0.397603 -1.247930 5.425271
1.774897 -0.794556 6.285853
1.612984 -0.967238 6.272657
0.022747 2.007960 4.959980
Iteration 8:
0.150188 0.114728 1.293402
0.908917 1.277387 5.297844
0.397603 -1.247930 5.425271
0.207022 -0.007023 1.412604
-0.634881 0.184300 3.625588
0.004498 -0.255002 1.804096
-1.165127 0.093571 3.810892
0.206813 -0.893233 3.458884
1.733110 -1.040354 6.152162
0.539700 -0.226029 3.642648
1.984185 0.897754 5.565524
0.904678 0.381700 4.265451
-1.216745 0.067134 4.133868
0.022747 2.007960 4.959980
1.442519 0.769721 6.180775
1.186241 0.555737 5.340639
1.774897 -0.794556 6.285853
-1.139797 -0.009734 3.429234
-0.609421 0.036079 3.266514
0.112635 1.073754 3.263387
0.058310 -0.583203 3.275037
0.166132 -0.208284 1.994058
0.179555 0.565507 3.544568
1.030281 -3.090145 7.609436
-0.394411 0.377256 3.732722
-0.714121 -0.121855 3.383484
0.342978 -1.444975 6.032875
-1.056535 -0.727711 4.546418
-0.343820 0.022464 2.427042
-0.398358 0.170683 3.057218
0.624840 0.142877 3.492804
-1.379574 -1.139310 6.231686
-0.354658 0.328318 3.457904
0.878049 -0.910526 3.805573
0.902867 -0.252220 3.705556
3.131504 -0.860621 8.150625
0.132299 -1.166402 3.977726
-0.763672 -0.350374 4.181712
0.352085 0.466388 3.849934
-0.629431 -0.462417 4.373565
0.403909 1.021246 4.507744
-0.170356 -0.315188 2.664783
1.069689 0.259954 4.077251
-0.080349 -1.210794 4.122220
-0.051888 -0.255529 1.864130
1.110268 -0.026476 3.219591
-0.977482 -1.910454 5.449433
-0.287646 -0.220836 2.743850
-0.832595 -0.898714 3.984104
0.424565 -0.866474 4.374266
Iteration 9:
-0.009699 -0.866815 2.723353
-0.394411 0.377256 3.732722
0.904678 0.381700 4.265451
0.352085 0.466388 3.849934
0.401325 -0.356494 3.692200
0.060112 0.297919 2.187406
0.150188 0.114728 1.293402
0.397603 -1.247930 5.425271
-0.669740 0.161813 3.553433
-0.343820 0.022464 2.427042
-0.287646 -0.220836 2.743850
0.206813 -0.893233 3.458884
-0.404198 0.093571 2.854061
-2.429543 -0.361022 8.125656
0.058310 -0.583203 3.275037
0.121895 0.101658 1.020068
0.624840 0.142877 3.492804
0.004498 -0.255002 1.804096
0.403909 1.021246 4.507744
-1.056535 -0.727711 4.546418
-0.354658 0.328318 3.457904
0.022747 2.007960 4.959980
-0.763672 -0.350374 4.181712
-1.379574 -1.139310 6.231686
-1.451765 -0.772539 6.202512
-0.170356 -0.315188 2.664783
0.179555 0.565507 3.544568
-1.139797 -0.009734 3.429234
0.144891 -0.700426 3.476479
-0.051888 -0.255529 1.864130
0.539700 -0.226029 3.642648
-0.030524 -1.081059 3.026895
0.902867 -0.252220 3.705556
-0.193802 -0.381596 3.070068
0.251051 0.918008 3.696822
-0.174256 -1.728440 5.899462
0.095953 0.218574 1.716998
0.166132 -0.208284 1.994058
-0.634881 0.184300 3.625588
-0.793564 0.096872 3.131103
-0.080349 -1.210794 4.122220
1.774897 -0.794556 6.285853
-0.977482 -1.910454 5.449433
-0.832595 -0.898714 3.984104
0.645643 0.355483 4.155978
0.424565 -0.866474 4.374266
-0.629431 -0.462417 4.373565
-0.714121 -0.121855 3.383484
-0.164112 -0.267125 2.360307
-0.398358 0.170683 3.057218
Iteration 10:
0.357077 -0.765025 4.201525
0.401325 -0.356494 3.692200
-1.139797 -0.009734 3.429234
0.539700 -0.226029 3.642648
0.144891 -0.700426 3.476479
-0.080349 -0.188602 1.420126
0.645643 0.355483 4.155978
-0.009699 -0.866815 2.723353
-0.714121 -0.121855 3.383484
0.902867 -0.252220 3.705556
-0.164112 -0.267125 2.360307
-0.030524 -1.081059 3.026895
-0.174256 -1.728440 5.899462
0.121895 0.101658 1.020068
-0.634881 0.184300 3.625588
-0.343820 0.022464 2.427042
0.179555 0.565507 3.544568
-0.832595 -0.898714 3.984104
0.724930 0.000642 3.142751
0.255704 -1.699972 6.193133
0.022747 2.007960 4.959980
-0.287646 -0.220836 2.743850
-0.193802 -0.381596 3.070068
0.166132 -0.208284 1.994058
0.004498 -0.255002 1.804096
0.850627 -1.056027 4.059714
0.060112 0.297919 2.187406
0.251051 0.918008 3.696822
-0.394411 0.278729 3.422195
-0.051888 -0.255529 1.864130
0.058310 -0.583203 3.275037
0.022860 0.564376 3.217919
-0.404198 0.093571 2.854061
0.095953 0.218574 1.716998
0.150188 0.114728 1.293402
-0.170356 -0.315188 2.664783
-0.499752 -0.120499 3.248377
-0.063893 -0.439607 2.940264
-0.354658 0.328318 3.457904
-1.167685 -0.027724 3.668275
0.397603 -1.247930 5.425271
1.203973 0.702453 5.301147
-0.793564 0.096872 3.131103
-0.629431 -0.462417 4.373565
-0.525465 0.047703 3.172095
0.228723 0.211766 2.376816
0.391945 0.570176 4.151417
0.403909 1.021246 4.507744
0.217535 -0.057998 1.579493
-0.398358 0.170683 3.057218
Iteration 11:
0.401325 -0.356494 3.692200
0.150188 0.114728 1.293402
-0.062035 0.514835 3.167213
-0.394411 0.278729 3.422195
0.179555 0.565507 3.544568
0.228723 0.211766 2.376816
-0.832595 -0.898714 3.984104
-0.139481 -0.047384 0.909598
-0.193802 -0.381596 3.070068
0.121895 0.101658 1.020068
-0.634881 0.184300 3.625588
0.539700 -0.226029 3.642648
-0.174256 -1.728440 5.899462
0.403909 1.021246 4.507744
0.102687 0.295274 2.287393
-0.006368 0.297919 2.122661
-0.343820 0.022464 2.427042
-0.499752 -0.120499 3.248377
0.144891 -0.700426 3.476479
-0.080349 -0.188602 1.420126
0.251051 0.918008 3.696822
0.724930 0.000642 3.142751
-1.167685 -0.027724 3.668275
0.861632 -0.215619 3.542136
0.645643 0.355483 4.155978
0.184512 0.188563 1.976356
-0.009699 -0.866815 2.723353
0.401549 0.717439 4.312485
0.095953 0.218574 1.716998
-0.287646 -0.220836 2.743850
0.217535 -0.057998 1.579493
0.357077 -0.765025 4.201525
-0.354658 0.328318 3.457904
-0.793564 0.096872 3.131103
0.431598 -0.252220 3.453033
-1.139797 -0.009734 3.429234
-0.051888 -0.255529 1.864130
0.004498 -0.255002 1.804096
-0.170356 -0.315188 2.664783
-0.714121 -0.121855 3.383484
-0.168786 -0.186231 1.865172
-0.003089 -0.462417 2.970496
0.755394 0.047703 3.108591
-0.063893 -0.439607 2.940264
-0.030524 -1.081059 3.026895
0.166132 -0.208284 1.994058
0.391945 0.570176 4.151417
-0.164112 -0.267125 2.360307
0.058310 -0.583203 3.275037
-0.398358 0.170683 3.057218
Iteration 12:
0.539700 -0.226029 3.642648
0.179555 0.565507 3.544568
0.401325 -0.356494 3.692200
0.724930 0.000642 3.142751
-0.006368 0.297919 2.122661
0.645643 0.355483 4.155978
0.121895 0.101658 1.020068
-0.832595 -0.083781 2.975965
-0.880490 -1.137236 4.403746
0.166132 -0.208284 1.994058
-0.009699 -0.866815 2.723353
-0.139481 -0.047384 0.909598
0.004498 -0.255002 1.804096
0.228723 0.211766 2.376816
0.861632 -0.215619 3.542136
0.102687 0.295274 2.287393
-0.193802 -0.381596 3.070068
-0.302653 0.786582 4.012837
0.755394 0.047703 3.108591
0.150188 0.114728 1.293402
0.144891 -0.700426 3.476479
-0.030524 -1.081059 3.026895
-0.343820 0.022464 2.427042
-0.714121 -0.121855 3.383484
0.357077 -0.765025 4.201525
-0.080349 -0.188602 1.420126
-0.499752 -0.120499 3.248377
-0.063893 -0.439607 2.940264
-0.593812 -0.009734 3.242436
0.386995 0.717439 4.277647
0.217535 -0.057998 1.579493
-0.170356 -0.315188 2.664783
0.184512 0.188563 1.976356
-0.168786 -0.186231 1.865172
-0.287646 -0.220836 2.743850
-0.003089 -0.462417 2.970496
-0.795978 -0.058380 3.014032
0.080175 -0.976687 2.765627
-0.704300 0.248694 3.851604
0.058310 -0.583203 3.275037
-0.164112 -0.267125 2.360307
-0.094986 -0.732118 3.271315
-0.051888 -0.255529 1.864130
-0.894035 0.096872 2.873540
0.095953 0.218574 1.716998
-0.394411 0.278729 3.422195
-1.002338 -0.180348 3.363263
-1.167685 -0.027724 3.668275
-0.062035 -0.320186 2.336955
-0.398358 0.170683 3.057218
Iteration 13:
0.144891 -0.700426 3.476479
-0.080349 -0.188602 1.420126
-0.006175 -0.029606 0.109718
0.080175 -0.976687 2.765627
-0.593812 -0.009734 3.242436
-0.009699 -0.866815 2.723353
0.755394 0.047703 3.108591
-0.164112 -0.042802 1.098552
-0.287646 -0.220836 2.743850
0.662742 0.186735 3.638816
0.166132 -0.208284 1.994058
0.093064 0.182927 1.428795
0.069073 -0.118217 0.826906
-0.094986 -0.732118 3.271315
0.097965 0.187705 1.488007
0.724930 0.000642 3.142751
-0.714121 -0.121855 3.383484
-0.704300 0.248694 3.851604
-0.139481 -0.047384 0.909598
-0.198920 -0.016733 1.349922
-0.063893 -0.439607 2.940264
-0.832595 -0.083781 2.975965
-0.343820 0.022464 2.427042
0.228723 0.211766 2.376816
0.217535 -0.057998 1.579493
0.095953 0.218574 1.716998
0.179555 0.565507 3.544568
0.096605 -0.218911 1.722222
0.184512 0.188563 1.976356
-0.394411 0.278729 3.422195
-0.003089 -0.462417 2.970496
-0.016256 -0.161468 1.030788
0.401325 -0.356494 3.692200
-0.168786 -0.186231 1.865172
-0.499752 -0.120499 3.248377
-0.006368 0.297919 2.122661
-1.002338 -0.062214 2.748761
-0.030524 -1.081059 3.026895
-1.167685 -0.027724 3.668275
-0.795978 -0.058380 3.014032
0.051119 -0.465199 3.012700
0.861632 -0.215619 3.542136
0.150188 0.114728 1.293402
0.107134 0.010978 0.586073
0.102687 0.295274 2.287393
-0.078098 0.075899 0.600447
-0.193802 -0.381596 3.070068
-0.410866 0.227359 3.300539
-0.062035 -0.320186 2.336955
-0.398358 0.170683 3.057218
Iteration 14:
0.955388 0.073462 2.723038
-1.167685 -0.027724 3.668275
-0.168786 -0.186231 1.865172
0.093064 0.182927 1.428795
-0.006368 0.297919 2.122661
0.861632 0.124522 3.066639
-0.209999 -0.292889 2.720816
0.184512 0.188563 1.976356
0.107134 0.010978 0.586073
-0.009699 -0.866815 2.723353
0.228723 0.211766 2.376816
0.102687 0.295274 2.287393
0.755394 0.047703 3.108591
-0.139481 -0.047384 0.909598
0.097965 0.187705 1.488007
0.080175 -0.976687 2.765627
-0.078098 0.075899 0.600447
-0.410866 0.227359 3.300539
0.096605 -0.218911 1.722222
-0.003089 -0.462417 2.970496
0.359571 0.118104 2.708436
0.069073 0.084080 0.599547
0.095953 0.218574 1.716998
0.048787 0.538259 3.198879
-0.287646 -0.220836 2.743850
-0.063893 -0.439607 2.940264
-0.292185 0.040102 2.111640
-0.080349 -0.188602 1.420126
-0.419423 -0.009734 2.806658
-0.198920 -0.016733 1.349922
0.724930 0.000642 3.142751
-0.714121 -0.121855 3.383484
-0.832595 -0.083781 2.975965
-0.006175 -0.029606 0.109718
-0.343820 0.022464 2.427042
0.662742 0.186735 3.638816
-0.164112 -0.042802 1.098552
-0.084089 -0.303345 2.282595
0.217535 -0.057998 1.579493
-0.016256 -0.161468 1.030788
0.142815 0.034052 0.902727
0.097965 0.187705 1.488007
-1.016989 0.043054 2.737996
0.071962 0.127829 0.910110
-1.002338 -0.062214 2.748761
-0.236225 -0.176114 2.228390
-0.062035 -0.320186 2.336955
0.051119 -0.465199 3.012700
0.401325 -0.356494 3.692200
-0.193802 -0.381596 3.070068
Iteration 15:
-0.198920 -0.016733 1.349922
-0.139481 -0.047384 0.909598
-0.000803 -0.280596 1.997888
-0.287646 -0.220836 2.743850
-0.063893 -0.439607 2.940264
0.071962 0.127829 0.910110
-0.006368 0.297919 2.122661
-0.419423 -0.009734 2.806658
0.955388 0.073462 2.723038
0.097965 0.187705 1.488007
-0.296389 -0.015210 2.115520
-0.006175 -0.029606 0.109718
-0.236225 -0.176114 2.228390
0.359571 0.118104 2.708436
0.093064 0.182927 1.428795
-0.164112 -0.042802 1.098552
-0.343820 0.022464 2.427042
-0.062035 -0.320186 2.336955
0.861632 0.124522 3.066639
0.233091 0.015971 1.634180
-0.987786 0.062671 2.718298
-0.193802 -0.381596 3.070068
-0.832595 -0.083781 2.975965
0.217535 -0.057998 1.579493
0.051119 -0.465199 3.012700
-0.073936 -0.438408 2.952964
0.755394 0.047703 3.108591
-0.162011 0.033305 1.060175
-0.840760 0.121516 3.102560
-0.292185 0.040102 2.111640
-0.026473 -0.035219 0.175638
0.069073 0.084080 0.599547
0.052555 -0.066507 0.422187
0.080175 -0.976687 2.765627
-0.067836 0.038833 0.376996
-0.072000 -0.025444 0.364597
0.118707 -0.200425 1.683554
0.142815 0.034052 0.902727
-0.016256 -0.161468 1.030788
0.105941 -0.192370 1.560959
0.097965 0.187705 1.488007
0.096605 0.162030 1.284305
0.048787 0.538259 3.198879
-0.080349 -0.188602 1.420126
0.095953 0.218574 1.716998
0.013960 0.196184 1.324478
-0.060774 -0.384741 2.696598
-0.213152 -0.948247 3.485367
-0.078098 0.075899 0.600447
-0.168786 -0.186231 1.865172
Iteration 16:
-0.008046 -0.191121 1.277915
-0.987786 0.062671 2.718298
-0.292185 0.040102 2.111640
-0.419423 -0.009734 2.806658
-0.139481 -0.047384 0.909598
-0.832595 -0.083781 2.975965
0.118707 -0.192922 1.628086
0.093401 -0.222346 1.735588
0.142815 0.034052 0.902727
-0.165977 0.015971 1.068742
-0.006368 0.297919 2.122661
-0.026473 -0.035219 0.175638
0.955388 0.073462 2.723038
-0.299224 -0.086355 2.262194
-0.164112 -0.042802 1.098552
-0.006175 -0.029606 0.109718
0.465490 0.043190 3.004348
0.032370 0.169792 1.123798
0.404943 0.063569 2.796358
-0.162011 0.033305 1.060175
0.096605 0.162030 1.284305
-0.072000 -0.025444 0.364597
0.071094 -0.394851 2.763701
0.071962 0.127829 0.910110
-0.080349 -0.188602 1.420126
0.080175 -0.976687 2.765627
-0.078098 0.075899 0.600447
0.217535 -0.057998 1.579493
-0.333683 0.077469 2.453652
-0.062035 -0.320186 2.336955
0.097965 0.187705 1.488007
0.069073 0.084080 0.599547
0.093064 0.182927 1.428795
-0.296389 -0.015210 2.115520
-0.028206 -0.246558 1.754385
0.052555 -0.066507 0.422187
-0.060774 -0.384741 2.696598
0.033307 0.084938 0.466484
0.048787 0.538259 3.198879
-0.073936 -0.438408 2.952964
0.183346 0.206966 2.084664
-0.016256 -0.161468 1.030788
-0.213152 -0.948247 3.485367
0.097965 0.187705 1.488007
0.095953 0.218574 1.716998
-0.287646 -0.220836 2.743850
0.236705 -0.117046 1.940808
0.013960 0.196184 1.324478
-0.067836 0.038833 0.376996
-0.168786 -0.186231 1.865172
Iteration 17:
-0.287646 -0.171334 2.515662
0.118707 -0.192922 1.628086
-0.006368 0.297919 2.122661
-0.139481 -0.047384 0.909598
-0.165977 0.015971 1.068742
0.069073 0.084080 0.599547
-0.026473 -0.035219 0.175638
-0.296389 -0.015210 2.115520
-0.100294 -0.860627 2.961716
0.080175 -0.976687 2.765627
0.095953 0.218574 1.716998
-0.333683 0.077469 2.453652
0.052555 -0.066507 0.422187
0.097965 0.187705 1.488007
0.096605 0.162030 1.284305
-0.072000 -0.025444 0.364597
0.032370 0.169792 1.123798
0.093064 0.182927 1.428795
0.060641 0.062671 0.439344
-0.006175 -0.029606 0.109718
0.033307 0.084938 0.466484
0.160268 0.176143 1.746703
-0.028206 -0.062682 0.315969
-0.036146 -0.067134 0.364248
-0.008046 -0.191121 1.277915
-0.067836 0.038833 0.376996
-0.078098 0.075899 0.600447
-0.140667 0.068275 0.992054
0.093401 -0.222346 1.735588
0.236705 -0.117046 1.940808
0.465490 0.043190 3.004348
-0.162011 0.033305 1.060175
-0.148498 -0.055029 1.005546
-0.111410 0.156892 1.323263
0.148106 0.024136 0.928345
0.097965 0.187705 1.488007
-0.062035 -0.320186 2.336955
0.186321 0.079112 1.397090
-0.016256 -0.161468 1.030788
-0.045951 -0.053676 0.328485
0.071094 -0.394851 2.763701
-0.055664 0.029317 0.280419
0.251196 0.029322 1.792255
0.183346 0.206966 2.084664
-0.832595 -0.083781 2.975965
-0.147391 -0.009734 0.907204
0.013960 0.196184 1.324478
-0.164112 -0.042802 1.098552
0.217535 -0.057998 1.579493
-0.062784 -0.252303 1.865138
Iteration 18:
0.077804 -0.023806 0.397708
-0.143150 -0.057998 0.972874
-0.047344 0.017860 0.210002
-0.072000 -0.025444 0.364597
0.060641 0.062671 0.439344
-0.045951 -0.053676 0.328485
-0.111410 0.156892 1.323263
-0.147391 -0.009734 0.907204
-0.008046 -0.191121 1.277915
0.071094 -0.394851 2.763701
-0.062784 -0.252303 1.865138
0.033307 0.084938 0.466484
0.093064 0.182927 1.428795
-0.083130 -0.037613 0.466829
-0.000968 -0.062682 0.278641
0.096605 0.162030 1.284305
-0.000138 -0.240989 1.692384
-0.164112 -0.042802 1.098552
0.148106 0.024136 0.928345
-0.296389 -0.015210 2.115520
0.183346 0.206966 2.084664
0.097965 0.187705 1.488007
0.236705 -0.117046 1.940808
0.097965 0.187705 1.488007
-0.036146 -0.067134 0.364248
0.186321 0.079112 1.397090
-0.059970 0.085513 0.565483
-0.165977 0.015971 1.068742
0.118707 -0.192922 1.628086
-0.162011 0.033305 1.060175
0.093401 -0.222346 1.735588
0.386393 0.125447 2.859994
-0.140667 0.068275 0.992054
0.032370 0.169792 1.123798
-0.026473 -0.035219 0.175638
-0.067836 0.038833 0.376996
0.013960 0.196184 1.324478
0.098104 0.031570 0.552539
0.148891 0.073347 1.076796
0.160268 0.176143 1.746703
-0.078098 0.075899 0.600447
-0.333683 0.077469 2.453652
0.052555 -0.066507 0.422187
-0.148498 -0.055029 1.005546
-0.006368 0.297919 2.122661
-0.089355 0.171869 1.325956
-0.055664 0.029317 0.280419
-0.006175 -0.029606 0.109718
0.095953 0.218574 1.716998
0.012204 -0.133190 0.791824
Iteration 19:
0.057201 -0.088771 0.574084
-0.015865 -0.020767 0.092023
-0.083130 -0.037613 0.466829
-0.062784 -0.252303 1.865138
-0.162011 0.033305 1.060175
-0.006368 0.297919 2.122661
0.114738 0.015971 0.648985
-0.059970 0.085513 0.565483
0.284684 -0.001088 2.027730
0.098104 0.031570 0.552539
0.143681 -0.016938 0.882401
0.160268 0.176143 1.746703
0.201814 -0.027785 1.386970
-0.000968 -0.062682 0.278641
0.093064 0.182927 1.428795
-0.147391 -0.009734 0.907204
-0.065706 -0.019083 0.313758
-0.026473 -0.035219 0.175638
-0.047344 -0.006117 0.194592
-0.333683 0.077469 2.453652
0.077804 -0.023806 0.397708
0.032370 0.169792 1.123798
0.060641 0.062671 0.439344
0.386393 0.125447 2.859994
0.186321 0.079112 1.397090
0.096605 0.162030 1.284305
-0.000138 -0.240989 1.692384
0.033307 0.084938 0.466484
-0.036146 -0.067134 0.364248
0.148106 0.024136 0.928345
-0.067836 0.038833 0.376996
-0.010694 -0.131991 0.780935
-0.111410 0.060412 0.741310
-0.089355 0.171869 1.325956
-0.006175 -0.029606 0.109718
-0.045951 -0.053676 0.328485
0.052555 -0.066507 0.422187
0.095953 0.218574 1.716998
-0.164112 -0.042802 1.098552
-0.065092 -0.117046 0.801264
0.041582 0.184788 1.268638
0.093401 -0.222346 1.735588
0.055286 0.034630 0.294568
-0.055664 0.029317 0.280419
-0.078098 0.075899 0.600447
-0.140667 0.068275 0.992054
-0.148498 -0.055029 1.005546
0.097965 0.187705 1.488007
-0.143150 -0.057998 0.972874
0.118707 -0.192922 1.628086
Iteration 20:
0.058542 -0.205083 1.479793
-0.106917 0.082540 0.813414
-0.147391 -0.009734 0.907204
0.161660 0.116898 1.388422
-0.000138 -0.240989 1.692384
0.186321 0.079112 1.397090
0.007495 -0.252303 1.783693
0.057201 -0.088771 0.574084
0.060641 0.062671 0.439344
-0.045951 -0.053676 0.328485
0.077804 -0.023806 0.397708
0.098104 0.031570 0.552539
-0.143150 -0.057998 0.972874
-0.055664 0.029317 0.280419
0.002412 0.019476 0.065731
-0.083130 -0.037613 0.466829
0.081185 -0.172942 1.298968
-0.015865 -0.020767 0.092023
-0.036146 -0.067134 0.364248
-0.065612 -0.086750 0.598995
-0.059970 0.085513 0.565483
0.143681 -0.016938 0.882401
0.032370 0.169792 1.123798
-0.020030 -0.046425 0.209819
0.047534 0.041700 0.282545
0.052555 -0.066507 0.422187
0.095953 0.218574 1.716998
-0.047344 -0.006117 0.194592
0.114738 0.015971 0.648985
-0.164112 -0.042802 1.098552
-0.111410 0.060412 0.741310
-0.026473 -0.035219 0.175638
0.033307 0.084938 0.466484
-0.000968 -0.062682 0.278641
-0.067836 0.038833 0.376996
-0.010694 -0.131991 0.780935
-0.078098 0.075899 0.600447
-0.006368 0.297919 2.122661
0.097965 0.187705 1.488007
-0.074919 -0.034078 0.404546
-0.065092 -0.117046 0.801264
-0.140667 0.068275 0.992054
0.055286 0.034630 0.294568
0.101633 -0.220898 1.758117
0.017291 0.280488 2.002944
-0.006175 -0.029606 0.109718
-0.058294 -0.019083 0.270836
0.201814 -0.027785 1.386970
-0.087852 0.081474 0.687270
0.118707 -0.192922 1.628086
Iteration 21:
-0.093976 0.149270 1.174819
0.095953 0.218574 1.716998
0.077804 -0.023806 0.397708
0.007495 0.039389 0.155670
0.035861 0.061446 0.331348
0.098104 0.031570 0.552539
0.036153 -0.021079 0.164437
-0.000968 -0.062682 0.278641
-0.111410 0.060412 0.741310
-0.006175 -0.029606 0.109718
0.047534 0.041700 0.282545
-0.000138 0.076890 0.367485
-0.058294 -0.019083 0.270836
-0.047344 -0.006117 0.194592
-0.059970 0.085513 0.565483
0.033307 0.084938 0.466484
-0.027554 -0.036305 0.183460
0.017291 0.280488 2.002944
-0.065612 -0.086750 0.598995
-0.055750 -0.107065 0.691975
0.110093 0.116898 1.037275
-0.026473 -0.035219 0.175638
-0.035289 -0.034078 0.201832
-0.067836 0.038833 0.376996
-0.117577 -0.063674 0.799212
0.037629 -0.101980 0.595760
0.203999 0.053124 1.456217
0.016481 -0.027785 0.118960
-0.036146 -0.067134 0.364248
-0.083130 -0.037613 0.466829
-0.106917 0.082540 0.813414
-0.147391 -0.009734 0.907204
-0.087852 0.081474 0.687270
-0.011799 -0.111818 0.622367
0.097965 0.187705 1.488007
-0.164112 -0.042802 1.098552
-0.015865 -0.020767 0.092023
-0.010694 0.025680 0.099168
-0.055664 0.029317 0.280419
0.002412 0.019476 0.065731
-0.065092 -0.117046 0.801264
0.052555 -0.066507 0.422187
0.002789 -0.025086 0.088268
0.060641 0.062671 0.439344
-0.020030 -0.046425 0.209819
-0.045951 -0.053676 0.328485
0.101633 -0.220898 1.758117
0.055286 0.034630 0.294568
-0.006368 0.297919 2.122661
0.057201 -0.088771 0.574084
Iteration 22:
0.035101 -0.008587 0.136621
-0.026473 -0.035219 0.175638
-0.065612 -0.086750 0.598995
-0.018394 0.037832 0.165505
-0.055637 0.005107 0.239055
-0.083130 -0.037613 0.466829
0.007495 0.039389 0.155670
-0.000968 -0.062682 0.278641
0.110093 0.116898 1.037275
0.002789 -0.025086 0.088268
-0.031081 -0.000384 0.113442
0.029240 0.069007 0.355513
-0.006175 -0.029606 0.109718
0.000513 0.019476 0.065182
-0.015865 -0.020767 0.092023
0.098104 0.031570 0.552539
-0.010694 0.025680 0.099168
0.020266 0.027872 0.128841
-0.055750 -0.107065 0.691975
0.046539 0.011159 0.195258
-0.006368 0.297919 2.122661
-0.000138 0.076890 0.367485
-0.020030 -0.046425 0.209819
0.033307 0.084938 0.466484
0.057201 -0.088771 0.574084
0.055887 -0.045981 0.339408
0.055286 0.034630 0.294568
0.035440 -0.029855 0.187435
0.114878 0.025870 0.664729
-0.085249 0.026220 0.451630
-0.011799 -0.111818 0.622367
-0.111410 0.060412 0.741310
-0.027554 -0.036305 0.183460
-0.117577 -0.063674 0.799212
0.097965 0.187705 1.488007
0.036153 -0.021079 0.164437
0.047534 0.041700 0.282545
0.131301 0.044324 0.835894
-0.067836 0.038833 0.376996
-0.045951 -0.053676 0.328485
-0.037331 -0.041261 0.238156
0.016481 -0.027785 0.118960
-0.055664 0.029317 0.280419
0.032156 0.006625 0.121316
0.037629 -0.101980 0.595760
0.016220 -0.019083 0.087471
0.058512 0.120587 0.800937
0.052555 -0.066507 0.422187
-0.075255 -0.037683 0.417390
0.095953 0.218574 1.716998
Iteration 23:
-0.033272 0.036289 0.202773
-0.000968 -0.062682 0.278641
0.025009 0.001030 0.087394
0.027681 -0.109466 0.627143
0.007495 0.039389 0.155670
-0.015865 -0.020767 0.092023
0.029240 0.069007 0.355513
-0.055750 -0.107065 0.691975
0.047534 0.041700 0.282545
-0.111410 0.060412 0.741310
0.058358 0.133565 0.899030
0.016220 -0.019083 0.087471
-0.037331 -0.041261 0.238156
-0.117577 -0.063674 0.799212
-0.031081 -0.000384 0.113442
0.035440 -0.029855 0.187435
0.000513 0.019476 0.065182
-0.020030 -0.046425 0.209819
-0.027554 -0.036305 0.183460
-0.045212 -0.039586 0.263860
0.027162 0.037804 0.188526
-0.067836 0.038833 0.376996
-0.041515 -0.037862 0.241255
0.019217 0.025870 0.118614
-0.009851 0.015686 0.061507
0.131301 0.044324 0.835894
0.052555 -0.066507 0.422187
0.055286 0.034630 0.294568
0.032156 0.006625 0.121316
0.037629 -0.101980 0.595760
0.057201 -0.088771 0.574084
0.035101 -0.008587 0.136621
-0.001602 -0.054395 0.230879
0.055887 -0.045981 0.339408
-0.068525 -0.117824 0.821656
0.011968 0.010397 0.051523
-0.018394 0.037832 0.165505
0.002789 -0.025086 0.088268
0.036153 -0.021079 0.164437
0.040007 -0.021652 0.182969
-0.066496 -0.012479 0.308881
-0.006175 -0.029606 0.109718
0.033307 0.084938 0.466484
0.020266 0.027872 0.128841
0.016481 -0.027785 0.118960
0.046539 0.011159 0.195258
-0.045951 -0.053676 0.328485
-0.085249 0.026220 0.451630
-0.010694 0.025680 0.099168
-0.055664 0.029317 0.280419
Iteration 24:
-0.069140 -0.039738 0.387571
0.058358 -0.007931 0.256382
0.032156 0.006625 0.121316
0.021601 0.016423 0.096261
-0.011683 -0.016443 0.067857
-0.056091 -0.066019 0.435239
-0.009851 0.015686 0.061507
-0.041515 -0.037862 0.241255
-0.015865 -0.020767 0.092023
0.027681 -0.109466 0.627143
0.007495 0.039389 0.155670
-0.000968 -0.062682 0.278641
0.029240 0.069007 0.355513
0.002279 -0.071545 0.333302
0.035101 -0.008587 0.136621
0.011968 0.010397 0.051523
0.055887 -0.045981 0.339408
-0.090890 0.074087 0.666360
-0.020640 -0.001567 0.069915
-0.018394 0.037832 0.165505
0.016481 -0.027785 0.118960
0.057201 -0.088771 0.574084
-0.017241 0.015144 0.078881
0.024083 -0.000384 0.083498
0.000513 0.019476 0.065182
0.027162 0.037804 0.188526
0.020266 0.027872 0.128841
-0.006175 -0.029606 0.109718
0.047534 0.041700 0.282545
-0.046666 0.031227 0.240985
-0.012969 -0.006333 0.046360
-0.033272 -0.033929 0.193653
0.016220 -0.019083 0.087471
-0.070604 -0.047086 0.422673
0.040007 -0.021652 0.182969
-0.015777 -0.000554 0.051275
0.002789 -0.025086 0.088268
-0.027554 -0.036305 0.183460
-0.004620 -0.030823 0.113820
0.025009 0.001030 0.087394
0.131301 -0.021440 0.786817
-0.020030 -0.046425 0.209819
-0.067836 0.038833 0.376996
0.044499 0.034630 0.242364
0.007035 0.011159 0.041939
-0.004924 -0.043684 0.174993
0.017041 -0.059905 0.276389
-0.010694 -0.019841 0.077230
-0.001602 -0.054395 0.230879
0.107686 0.027768 0.614012
Iteration 25:
0.027199 -0.031865 0.164690
0.000513 0.019476 0.065182
0.024083 -0.000384 0.083498
0.015314 0.013857 0.069740
-0.027554 -0.036305 0.183460
-0.031250 0.074087 0.391622
-0.002167 -0.046275 0.187175
-0.067836 0.038833 0.376996
-0.015865 -0.020767 0.092023
-0.033272 -0.033929 0.193653
0.015547 -0.028489 0.119637
-0.011683 -0.016443 0.067857
0.007495 0.039389 0.155670
0.051701 -0.008773 0.219947
0.055887 -0.045981 0.339408
-0.018394 0.037832 0.165505
0.027162 0.037804 0.188526
-0.018093 0.003926 0.061469
0.002645 -0.023189 0.080453
0.032156 0.006625 0.121316
0.025009 0.001030 0.087394
-0.013246 0.015144 0.067659
0.028242 0.028506 0.155921
0.002279 -0.071545 0.333302
-0.006516 -0.003161 0.021881
-0.014952 -0.008388 0.056301
0.035101 -0.008587 0.136621
0.057201 -0.088771 0.574084
-0.009851 0.015686 0.061507
-0.006175 -0.029606 0.109718
-0.004620 -0.030823 0.113820
-0.012969 -0.006333 0.046360
0.015787 0.042421 0.181743
-0.012576 -0.016204 0.069189
0.016481 -0.027785 0.118960
0.011968 0.010397 0.051523
0.002789 -0.025086 0.088268
0.020266 0.027872 0.128841
0.007035 0.011159 0.041939
-0.000968 -0.062682 0.278641
-0.015777 -0.000554 0.051275
0.047534 0.041700 0.282545
0.016220 -0.019083 0.087471
-0.010694 -0.019841 0.077230
0.044499 0.034630 0.242364
-0.046666 0.031227 0.240985
0.058358 -0.007931 0.256382
-0.002857 -0.038951 0.150577
-0.001602 -0.054395 0.230879
0.107686 0.027768 0.614012
Iteration 26:
-0.013993 0.027872 0.113931
0.002412 -0.013292 0.043061
0.051701 -0.008773 0.219947
-0.015865 -0.020767 0.092023
-0.033289 0.019988 0.149554
0.046900 0.000958 0.190227
-0.015777 -0.000554 0.051275
-0.012576 -0.016204 0.069189
0.018201 -0.035965 0.156774
0.011968 0.010397 0.051523
-0.039079 0.043879 0.256053
0.002789 -0.025086 0.088268
0.035101 -0.008587 0.136621
0.028242 0.028506 0.155921
-0.013246 0.015144 0.067659
-0.006175 -0.029606 0.109718
0.047534 0.022485 0.220896
-0.015449 -0.003098 0.051163
0.055887 -0.045981 0.339408
-0.009851 0.015686 0.061507
-0.006516 -0.003161 0.021881
0.007495 0.039389 0.155670
-0.012528 0.012919 0.059504
0.016481 -0.027785 0.118960
0.018425 0.034630 0.151475
0.032156 0.006625 0.121316
0.034248 -0.018853 0.150835
-0.033272 -0.033929 0.193653
0.064655 -0.007480 0.293085
0.016220 -0.019083 0.087471
0.000513 0.019476 0.065182
0.002645 -0.023189 0.080453
0.015547 -0.028489 0.119637
-0.002857 -0.038951 0.150577
0.015314 0.013857 0.069740
0.002279 0.036465 0.138497
0.002575 0.015067 0.049443
0.012061 -0.024159 0.095688
0.015787 0.042421 0.181743
-0.031250 0.074087 0.391622
-0.012969 -0.006333 0.046360
-0.014952 -0.008388 0.056301
-0.018093 0.003926 0.061469
0.058358 -0.007931 0.256382
-0.011683 -0.016443 0.067857
-0.018394 0.037832 0.165505
0.014450 -0.052432 0.230797
-0.004620 -0.030823 0.113820
0.007035 0.011159 0.041939
0.025009 0.001030 0.087394
Iteration 27:
-0.033272 -0.033929 0.193653
0.022762 0.020411 0.111209
0.020370 0.024930 0.118466
-0.006516 -0.003161 0.021881
-0.012528 0.012919 0.059504
-0.004202 0.024436 0.086421
-0.002857 -0.038951 0.150577
0.012061 -0.024159 0.095688
-0.009851 0.015686 0.061507
0.069356 -0.006940 0.321511
0.011968 0.010397 0.051523
-0.037785 -0.022933 0.176338
-0.012576 -0.016204 0.069189
-0.033289 0.019988 0.149554
0.022483 0.005084 0.079287
0.025009 0.001030 0.087394
0.002645 -0.023189 0.080453
0.032156 0.006625 0.121316
0.000513 0.019476 0.065182
-0.013246 0.015144 0.067659
0.002279 0.036465 0.138497
0.029617 0.014066 0.121143
-0.006175 -0.029606 0.109718
-0.018481 0.018051 0.090763
-0.002896 -0.062249 0.276426
0.003305 -0.012502 0.041022
0.001798 -0.040281 0.156764
0.007495 0.020667 0.075002
-0.014952 -0.008388 0.056301
-0.011683 -0.016443 0.067857
0.028242 0.028506 0.155921
-0.018093 0.003926 0.061469
0.002789 -0.025086 0.088268
-0.039079 0.043879 0.256053
0.002412 -0.013292 0.043061
0.015547 -0.028489 0.119637
-0.015865 -0.020767 0.092023
-0.012969 -0.006333 0.046360
-0.018394 0.037832 0.165505
0.007035 -0.006919 0.030499
0.034248 -0.018853 0.150835
-0.015777 -0.000554 0.051275
0.012252 -0.002980 0.039891
0.016481 -0.027785 0.118960
0.014450 -0.052432 0.230797
0.016220 -0.019083 0.087471
-0.015449 -0.003098 0.051163
0.015314 0.013857 0.069740
0.035101 -0.008587 0.136621
0.002575 0.015067 0.049443
Iteration 28:
0.022762 -0.002138 0.078521
0.016767 0.006625 0.059627
0.033190 -0.046824 0.248118
0.016481 -0.027785 0.118960
0.003305 -0.012502 0.041022
-0.003022 0.022377 0.077386
0.002645 -0.023189 0.080453
0.014450 0.015525 0.071931
-0.014952 -0.008388 0.056301
-0.009851 0.015686 0.061507
-0.004202 0.024436 0.086421
-0.013246 0.015144 0.067659
0.011968 0.010397 0.051523
-0.018394 -0.021199 0.100252
0.007495 0.020667 0.075002
0.015547 -0.028489 0.119637
-0.002896 -0.034570 0.129854
-0.009938 0.009788 0.044628
0.012252 -0.002980 0.039891
-0.037785 -0.022933 0.176338
-0.006516 -0.003161 0.021881
-0.015865 -0.020767 0.092023
0.025009 0.001030 0.087394
0.020370 -0.007597 0.074030
0.002789 -0.025086 0.088268
0.002279 0.036465 0.138497
0.012061 -0.024159 0.095688
0.000513 0.019476 0.065182
-0.012576 -0.016204 0.069189
-0.018481 0.018051 0.090763
0.002412 -0.013292 0.043061
-0.018093 0.003926 0.061469
-0.002857 -0.038951 0.150577
-0.033289 0.019988 0.149554
0.005561 -0.018853 0.065852
0.001798 0.035734 0.134928
0.016220 -0.019083 0.087471
0.007035 -0.006919 0.030499
-0.034124 0.002129 0.127536
-0.006175 -0.029606 0.109718
-0.012969 -0.006333 0.046360
-0.009555 -0.029565 0.113397
-0.015777 -0.000554 0.051275
0.002457 -0.002047 0.009319
0.012650 0.018610 0.077083
0.008338 0.001772 0.026044
-0.015449 -0.003098 0.051163
0.015314 0.013857 0.069740
-0.020587 -0.008587 0.076289
0.002575 0.015067 0.049443
Iteration 29:
0.016767 0.006625 0.059627
0.010163 -0.003098 0.033054
0.025009 0.001030 0.087394
0.002358 -0.011617 0.037265
-0.034124 0.002129 0.127536
-0.015865 -0.020767 0.092023
0.002279 0.036465 0.138497
0.002645 -0.023189 0.080453
0.014450 0.015525 0.071931
-0.023739 -0.009558 0.089737
-0.004202 0.024436 0.086421
0.000513 0.019476 0.065182
-0.013246 0.015144 0.067659
0.002412 -0.013292 0.043061
0.003305 -0.012502 0.041022
0.020370 -0.007597 0.074030
0.015314 0.013857 0.069740
0.008338 0.001772 0.026044
-0.009851 0.015686 0.061507
-0.018093 0.003926 0.061469
0.004181 -0.000394 0.012347
-0.012969 -0.006333 0.046360
0.022762 -0.002138 0.078521
-0.033289 0.019988 0.149554
-0.003022 0.022377 0.077386
0.002457 -0.002047 0.009319
0.014166 -0.008805 0.054570
-0.006516 -0.003161 0.021881
0.005561 -0.018853 0.065852
0.011968 0.010397 0.051523
0.000936 0.007822 0.023933
-0.016224 0.006113 0.057022
0.020926 -0.000500 0.070828
0.000317 -0.014814 0.047745
0.001798 0.035734 0.134928
0.005947 -0.011870 0.042239
0.019189 0.012334 0.078326
-0.020587 -0.008587 0.076289
0.002813 0.018610 0.062641
0.001431 0.000013 0.004102
-0.015777 -0.000554 0.051275
-0.014223 -0.012947 0.064227
0.004587 -0.022552 0.079135
0.013860 0.004191 0.046528
-0.012576 -0.016204 0.069189
0.015547 -0.028489 0.119637
0.012252 -0.002980 0.039891
0.002575 0.015067 0.049443
0.001163 -0.021199 0.072009
0.007035 -0.006919 0.030499
Iteration 30:
0.022762 -0.002138 0.078521
0.014166 -0.008805 0.054570
0.000513 0.019476 0.065182
0.025009 0.001030 0.087394
0.010163 -0.003098 0.033054
0.020370 -0.007597 0.074030
-0.004259 -0.015078 0.050841
0.001431 0.000013 0.004102
0.006191 0.016708 0.058830
-0.000673 0.001755 0.005411
0.004587 -0.022552 0.079135
0.005947 -0.011870 0.042239
-0.015865 -0.020767 0.092023
-0.001276 0.016324 0.053437
0.003305 -0.012502 0.041022
-0.008220 0.010181 0.041564
0.014485 -0.027684 0.114188
-0.006725 -0.009196 0.035675
0.002457 -0.002047 0.009319
-0.016224 0.006113 0.057022
0.002279 0.010217 0.032525
0.002358 -0.011617 0.037265
-0.006516 -0.003161 0.021881
-0.018093 0.003926 0.061469
0.000317 -0.014814 0.047745
0.015314 0.013857 0.069740
-0.007774 -0.004982 0.028384
0.002412 -0.013292 0.043061
0.006561 -0.007999 0.032108
0.015547 -0.028489 0.119637
-0.003022 0.022377 0.077386
-0.013246 0.015144 0.067659
0.023428 -0.002033 0.081171
-0.012576 -0.016204 0.069189
0.001163 -0.021199 0.072009
0.002645 0.001940 0.009563
0.004181 -0.000394 0.012347
0.005561 -0.018853 0.065852
0.008495 -0.002980 0.027620
0.014450 0.004659 0.049070
-0.003998 0.010269 0.034401
0.008338 0.001772 0.026044
-0.014223 -0.012947 0.064227
0.002813 0.018610 0.062641
0.007035 -0.006919 0.030499
0.000936 0.007822 0.023933
-0.015777 -0.000554 0.051275
0.011968 0.010397 0.051523
0.020926 -0.000500 0.070828
-0.033289 -0.000547 0.123417
Iteration 31:
-0.033289 -0.000547 0.123417
0.003305 -0.012502 0.041022
0.002358 -0.011617 0.037265
0.000317 -0.014814 0.047745
0.004181 -0.000394 0.012347
-0.004259 -0.015078 0.050841
-0.003475 -0.011310 0.037188
0.006191 0.016708 0.058830
0.008338 0.001772 0.026044
-0.013246 0.015144 0.067659
-0.016198 -0.012333 0.068591
-0.008220 0.010181 0.041564
-0.007774 -0.004982 0.028384
0.001431 0.000013 0.004102
-0.003022 -0.018852 0.063681
0.002457 -0.002047 0.009319
0.002839 0.003472 0.013221
0.011968 0.010397 0.051523
0.002645 0.001940 0.009563
0.014450 0.004659 0.049070
0.025009 0.001030 0.087394
0.016265 -0.007813 0.059688
-0.006725 -0.009196 0.035675
-0.018093 0.003926 0.061469
0.001163 -0.021199 0.072009
-0.006717 0.014315 0.051369
0.001962 -0.000218 0.005687
0.002183 -0.008805 0.027848
0.010163 -0.003098 0.033054
-0.008813 -0.000561 0.027052
0.000936 0.007822 0.023933
-0.004145 0.002858 0.014914
-0.016224 0.006113 0.057022
0.020926 -0.000500 0.070828
0.007035 -0.006919 0.030499
-0.008052 -0.009580 0.039562
-0.015777 -0.000554 0.051275
-0.000673 0.001755 0.005411
0.015547 -0.028489 0.119637
0.005947 -0.011870 0.042239
0.004587 -0.022552 0.079135
0.008495 -0.002980 0.027620
-0.001276 0.016324 0.053437
-0.003998 0.010269 0.034401
0.006561 -0.007999 0.032108
-0.006516 -0.003161 0.021881
0.005561 -0.018853 0.065852
0.014418 -0.007367 0.052761
0.002279 0.010217 0.032525
0.022762 -0.001443 0.078301
Iteration 32:
-0.000465 -0.018852 0.062780
0.001962 -0.000218 0.005687
0.015950 -0.010353 0.063388
0.002839 0.003472 0.013221
-0.006516 -0.003161 0.021881
0.002183 -0.008805 0.027848
0.014418 -0.007367 0.052761
0.005947 0.001305 0.018208
-0.003998 0.010269 0.034401
-0.008220 0.010181 0.041564
-0.003239 0.012819 0.042046
-0.004259 -0.015078 0.050841
0.000936 0.007822 0.023933
0.006449 -0.009149 0.034993
0.002645 0.001940 0.009563
-0.000219 0.015352 0.049692
-0.025621 -0.020992 0.122686
-0.000673 0.001755 0.005411
-0.001276 0.016324 0.053437
0.008495 -0.002980 0.027620
0.002279 0.010217 0.032525
0.014535 -0.001437 0.046981
-0.007774 -0.004982 0.028384
-0.015777 -0.000554 0.051275
0.008101 -0.010380 0.041852
-0.000697 -0.000607 0.002637
0.014450 0.004659 0.049070
-0.012772 -0.001892 0.040952
0.004181 -0.000394 0.012347
0.002457 -0.002047 0.009319
0.001431 0.000013 0.004102
0.011968 0.010397 0.051523
-0.016198 -0.012333 0.068591
-0.003475 -0.011310 0.037188
-0.013269 0.005521 0.046141
-0.006725 -0.009196 0.035675
-0.005633 -0.011165 0.039529
0.000317 -0.014814 0.047745
0.010163 -0.003098 0.033054
0.007035 -0.006919 0.030499
-0.006743 0.004694 0.025035
-0.006423 -0.011460 0.041748
-0.018093 0.003926 0.061469
0.016265 -0.007813 0.059688
-0.008813 -0.000561 0.027052
-0.004145 0.002858 0.014914
-0.008052 -0.009580 0.039562
-0.002859 -0.011661 0.037794
0.008338 0.001772 0.026044
-0.016224 0.006113 0.057022
Iteration 33:
0.014535 -0.001437 0.046981
-0.010504 -0.006771 0.039501
-0.001276 0.016324 0.053437
0.013897 -0.001501 0.044731
-0.003475 -0.011310 0.037188
0.000936 0.007822 0.023933
0.006018 -0.002474 0.019531
0.008338 0.001772 0.026044
0.001931 -0.005925 0.018659
-0.000673 0.001755 0.005411
-0.006516 -0.003161 0.021881
0.014614 0.003958 0.048917
0.001962 -0.000218 0.005687
-0.005633 -0.011165 0.039529
0.010163 -0.003098 0.033054
-0.009752 0.013407 0.054195
-0.004259 -0.015078 0.050841
-0.012772 -0.001892 0.040952
-0.008052 -0.009580 0.039562
-0.006743 0.004694 0.025035
-0.011223 -0.000688 0.035165
-0.008220 0.010181 0.041564
0.002183 -0.008805 0.027848
-0.000697 -0.000607 0.002637
0.011968 -0.000264 0.037670
0.005015 0.005525 0.022587
0.002416 0.000554 0.007175
0.009978 0.011498 0.049221
-0.003239 0.012819 0.042046
0.008495 -0.002980 0.027620
-0.011276 -0.000241 0.035285
0.002457 -0.002047 0.009319
0.008101 -0.010380 0.041852
0.006576 -0.003403 0.022403
0.005856 0.001305 0.017929
0.004181 -0.000394 0.012347
0.001431 0.000013 0.004102
0.007035 -0.006919 0.030499
-0.007774 -0.004982 0.028384
0.002279 0.010217 0.032525
0.002839 0.003472 0.013221
0.004488 -0.011413 0.038688
-0.006423 -0.011460 0.041748
-0.010213 -0.009763 0.045269
-0.004687 -0.006611 0.024669
-0.006725 -0.009196 0.035675
-0.013269 0.005521 0.046141
-0.015777 -0.000554 0.051275
-0.001403 0.003697 0.011600
-0.000868 -0.005054 0.015203
Iteration 34:
-0.006423 -0.011460 0.041748
-0.000806 -0.000242 0.002400
0.007512 -0.000688 0.022850
0.001931 -0.005925 0.018659
0.011968 -0.000264 0.037670
-0.005388 -0.009564 0.034253
-0.006743 0.004694 0.025035
-0.008422 0.010573 0.043094
0.001431 0.000013 0.004102
0.008644 0.006907 0.034552
0.002839 0.003472 0.013221
-0.012772 -0.001892 0.040952
0.001962 -0.000218 0.005687
-0.005664 -0.002169 0.018134
0.002416 0.000554 0.007175
0.004530 0.000987 0.013687
0.000936 0.007822 0.023933
0.008858 -0.002363 0.028168
-0.010504 0.002964 0.034038
0.006018 -0.002474 0.019531
0.008101 -0.010380 0.041852
0.004181 -0.000394 0.012347
-0.013269 0.005521 0.046141
-0.006368 0.004421 0.023527
-0.006444 -0.004228 0.023380
0.002183 -0.008805 0.027848
0.004277 -0.004116 0.017726
0.010163 -0.003098 0.033054
-0.000673 0.001755 0.005411
-0.001276 0.005943 0.018177
-0.000868 -0.005054 0.015203
0.008495 -0.002980 0.027620
0.006576 -0.003403 0.022403
-0.004687 -0.006611 0.024669
-0.000697 -0.000607 0.002637
0.005856 0.001305 0.017929
-0.003239 0.012819 0.042046
0.007035 -0.006919 0.030499
0.002457 -0.002047 0.009319
-0.001403 0.003697 0.011600
0.004488 -0.011413 0.038688
-0.003475 -0.011310 0.037188
0.005015 0.005525 0.022587
-0.011537 0.002399 0.037024
-0.000100 0.006122 0.018317
-0.008052 -0.007524 0.034400
-0.006725 -0.009196 0.035675
0.002279 0.010217 0.032525
-0.007774 -0.004982 0.028384
-0.015777 -0.000554 0.051275
Iteration 35:
0.005748 -0.001016 0.017417
0.007512 -0.000688 0.022850
0.001962 -0.000218 0.005687
-0.001315 -0.005925 0.018146
-0.003239 -0.011818 0.038652
-0.000673 0.001755 0.005411
0.009783 -0.003265 0.032002
0.002279 0.010217 0.032525
-0.006444 -0.004228 0.023380
-0.004207 0.003021 0.015363
0.004488 -0.011413 0.038688
0.002416 0.000554 0.007175
0.004530 0.000987 0.013687
-0.001276 0.005943 0.018177
-0.000806 -0.000242 0.002400
-0.006743 0.004694 0.025035
-0.003289 0.010398 0.034010
-0.005793 0.005401 0.024072
0.008101 -0.010380 0.041852
0.002183 -0.008805 0.027848
0.000300 -0.001902 0.005546
-0.005664 -0.002169 0.018134
-0.007114 -0.003716 0.024417
0.010163 -0.003098 0.033054
0.006576 -0.003403 0.022403
0.005707 0.004209 0.021396
0.005015 0.005525 0.022587
0.010641 0.001937 0.033704
0.002536 0.004745 0.015988
0.005898 -0.005432 0.024390
0.002457 -0.002047 0.009319
-0.000868 -0.005054 0.015203
-0.000100 0.006122 0.018317
0.001431 0.000013 0.004102
0.006524 -0.004121 0.023410
0.008644 0.006907 0.034552
-0.000697 -0.000607 0.002637
0.005856 0.001305 0.017929
0.004181 -0.000394 0.012347
0.003106 -0.003805 0.014533
0.000936 0.007822 0.023933
-0.004297 -0.004447 0.018508
0.006018 -0.002474 0.019531
-0.006368 0.004421 0.023527
0.011968 -0.000264 0.037670
-0.006858 -0.007899 0.032500
-0.001403 0.003697 0.011600
0.008495 -0.002980 0.027620
0.001652 -0.004982 0.015579
0.000079 -0.002806 0.008151
Iteration 36:
-0.005793 0.005401 0.024072
0.000300 -0.001902 0.005546
0.000936 0.007822 0.023933
0.002536 0.004745 0.015988
-0.005664 -0.002169 0.018134
0.005748 -0.001016 0.017417
-0.008644 -0.001521 0.026875
0.003738 0.007304 0.024999
0.004770 -0.006151 0.023628
-0.000762 -0.000142 0.002208
-0.000868 -0.005054 0.015203
0.002457 -0.002047 0.009319
0.000917 -0.011818 0.037263
0.001431 0.000013 0.004102
0.001045 0.000806 0.003778
-0.007114 -0.003716 0.024417
0.003106 -0.003805 0.014533
-0.001403 0.003697 0.011600
0.005707 0.004209 0.021396
-0.001196 0.002480 0.007990
-0.000582 0.004467 0.013283
0.002183 -0.008805 0.027848
0.005856 0.001305 0.017929
0.004239 0.004327 0.018109
-0.003588 0.003980 0.015922
0.002416 0.000554 0.007175
0.000528 -0.004442 0.013184
0.001652 -0.004982 0.015579
-0.006444 -0.004228 0.023380
0.005898 -0.005432 0.024390
0.000079 -0.002806 0.008151
-0.000806 -0.000242 0.002400
-0.004297 -0.004447 0.018508
-0.000673 0.001755 0.005411
0.005015 0.005525 0.022587
0.010561 -0.001646 0.033273
0.006576 -0.003403 0.022403
-0.004207 0.003021 0.015363
0.008495 -0.002980 0.027620
0.006524 -0.004121 0.023410
0.002279 0.010217 0.032525
0.008644 0.006907 0.034552
0.002221 -0.001380 0.007578
0.001543 -0.001207 0.005643
-0.003289 0.010398 0.034010
-0.001276 0.005943 0.018177
-0.000697 -0.000607 0.002637
-0.006858 -0.007899 0.032500
0.006209 0.002834 0.020546
-0.000100 0.006122 0.018317
Iteration 37:
-0.006444 -0.004228 0.023380
-0.005664 -0.002169 0.018134
0.010561 -0.001646 0.033273
0.000528 -0.004442 0.013184
0.002606 0.003091 0.011871
0.001167 -0.005652 0.017210
0.004239 0.004327 0.018109
0.000300 -0.001902 0.005546
0.002536 0.004745 0.015988
0.000917 -0.011818 0.037263
0.002416 0.000554 0.007175
-0.008644 -0.001521 0.026875
-0.000868 -0.005054 0.015203
0.008644 0.006907 0.034552
-0.001379 0.004512 0.013935
0.001652 -0.004982 0.015579
0.003738 0.007304 0.024999
0.000936 0.007822 0.023933
0.001045 0.000806 0.003778
0.006209 0.002834 0.020546
0.000963 0.000979 0.003934
-0.000697 -0.000607 0.002637
-0.000582 0.004467 0.013283
-0.005311 0.002051 0.016964
0.005898 -0.005432 0.024390
-0.000762 -0.000142 0.002208
0.005707 0.004209 0.021396
0.004770 -0.006151 0.023628
0.003146 0.010398 0.033866
0.000441 0.002845 0.008363
-0.004207 0.003021 0.015363
0.001543 -0.001207 0.005643
-0.000806 -0.000242 0.002400
0.001431 0.000013 0.004102
0.000885 -0.003716 0.011194
-0.002135 -0.003242 0.011382
-0.000673 0.001755 0.005411
0.005856 0.001305 0.017929
0.003106 -0.003805 0.014533
-0.001196 0.002480 0.007990
-0.004297 -0.004447 0.018508
0.000079 -0.002806 0.008151
0.005015 0.005525 0.022587
0.007037 -0.003710 0.024185
-0.003588 0.003980 0.015922
0.006524 -0.004121 0.023410
0.002221 -0.001380 0.007578
0.008495 -0.002980 0.027620
0.002457 -0.002047 0.009319
-0.001403 0.003697 0.011600
Iteration 38:
-0.005664 -0.002169 0.018134
0.000441 0.002845 0.008363
-0.008644 -0.001521 0.026875
0.000963 0.000979 0.003934
-0.001226 -0.000299 0.003612
-0.000762 -0.000142 0.002208
0.000936 0.007822 0.023933
-0.002884 -0.001646 0.009685
-0.002135 -0.003242 0.011382
-0.000697 -0.000607 0.002637
-0.001196 0.002480 0.007990
0.001652 -0.004982 0.015579
-0.001379 0.004512 0.013935
0.005856 0.001305 0.017929
0.001045 0.000806 0.003778
0.002416 0.000554 0.007175
-0.004843 0.001618 0.015136
0.003089 0.001460 0.009975
-0.003335 -0.002399 0.012071
-0.000806 -0.000242 0.002400
0.000528 -0.004442 0.013184
0.000300 -0.001902 0.005546
0.007319 -0.002486 0.023455
-0.002927 0.006907 0.022715
0.003106 -0.003805 0.014533
-0.004207 0.003021 0.015363
0.006209 0.002834 0.020546
-0.000868 -0.005054 0.015203
-0.000841 -0.005660 0.017057
0.001588 -0.001699 0.006721
0.000079 -0.002806 0.008151
-0.005311 0.002051 0.016964
0.001431 0.000013 0.004102
-0.005961 -0.004228 0.022093
-0.000653 -0.002662 0.007954
0.001543 -0.001207 0.005643
0.002221 -0.001380 0.007578
0.003146 0.010398 0.033866
-0.005577 -0.000455 0.016661
0.002457 -0.002047 0.009319
0.000885 -0.003716 0.011194
-0.004297 -0.004447 0.018508
0.002126 -0.001418 0.007402
0.002606 0.003091 0.011871
-0.003588 0.003980 0.015922
0.005732 -0.005597 0.024367
0.005707 0.004209 0.021396
-0.002987 -0.001959 0.010444
0.004239 0.004327 0.018109
-0.001403 0.003697 0.011600
Iteration 39:
-0.005664 -0.002169 0.018134
0.000528 -0.004442 0.013184
-0.000868 -0.005054 0.015203
-0.001680 0.000181 0.004855
-0.002927 0.006907 0.022715
0.003089 0.001460 0.009975
0.000300 -0.001902 0.005546
-0.000653 -0.002662 0.007954
-0.000060 -0.000242 0.000707
0.001688 0.001712 0.006953
-0.005961 -0.004228 0.022093
0.001431 0.000013 0.004102
0.001652 -0.003907 0.012476
-0.000766 -0.001139 0.003932
0.000963 0.000979 0.003934
-0.004297 -0.004447 0.018508
-0.001379 0.004512 0.013935
0.002606 0.003091 0.011871
-0.003588 0.003980 0.015922
-0.001196 0.000102 0.003434
0.002416 0.000554 0.007175
-0.000762 -0.000142 0.002208
-0.002135 -0.000409 0.006274
-0.000697 -0.000607 0.002637
0.001566 -0.002885 0.009570
0.003840 0.003021 0.014454
0.005732 -0.005597 0.024367
0.000694 -0.001438 0.004584
0.000441 0.002845 0.008363
0.001543 -0.001207 0.005643
0.000885 -0.003716 0.011194
-0.000841 -0.005660 0.017057
0.003160 -0.000733 0.009455
-0.005311 0.002051 0.016964
-0.001226 -0.000299 0.003612
0.000599 0.006776 0.020472
0.002126 -0.001418 0.007402
-0.002987 -0.001959 0.010444
0.001045 0.000806 0.003778
-0.005577 -0.000455 0.016661
0.004470 0.002075 0.014586
0.005856 0.001305 0.017929
-0.003335 -0.002399 0.012071
0.000079 -0.002806 0.008151
0.000564 -0.000095 0.001625
0.000913 0.001126 0.004157
0.002221 -0.001380 0.007578
0.003106 -0.003805 0.014533
0.002457 -0.002047 0.009319
-0.001403 0.003697 0.011600
Iteration 40:
-0.001226 -0.000299 0.003612
-0.000868 -0.005054 0.015203
0.002457 -0.002047 0.009319
0.003160 -0.000733 0.009455
0.000351 0.001206 0.003596
0.001865 -0.002198 0.008376
0.001652 -0.003907 0.012476
0.000079 -0.002806 0.008151
0.001566 -0.002885 0.009570
0.003102 -0.002169 0.011086
-0.001196 0.000102 0.003434
0.000694 -0.001438 0.004584
-0.000766 -0.001139 0.003932
-0.001680 0.000181 0.004855
0.003089 0.001460 0.009975
0.000300 -0.001902 0.005546
-0.000762 -0.000142 0.002208
0.000963 0.000979 0.003934
0.001688 0.001712 0.006953
-0.001141 -0.000366 0.003426
0.002221 -0.001380 0.007578
0.000441 0.002845 0.008363
0.000528 -0.004442 0.013184
0.003840 0.002980 0.014376
0.003106 -0.003805 0.014533
0.000835 -0.005597 0.016858
0.000564 -0.000095 0.001625
0.001491 -0.000409 0.004436
0.002416 0.000554 0.007175
0.001045 0.000806 0.003778
-0.000646 0.001616 0.005002
-0.003335 -0.002399 0.012071
-0.000697 -0.000607 0.002637
0.001055 0.004475 0.013566
-0.001403 0.001570 0.006073
-0.000060 -0.000242 0.000707
-0.002987 -0.001959 0.010444
0.002589 0.003185 0.012057
-0.002288 0.002075 0.008990
0.001431 0.000013 0.004102
-0.005311 0.002051 0.016964
0.000885 -0.003716 0.011194
0.005465 -0.001977 0.017337
0.001417 0.002125 0.007398
0.001543 -0.001207 0.005643
0.000913 0.001126 0.004157
0.002126 -0.001418 0.007402
-0.000791 -0.001667 0.005310
-0.005961 0.000733 0.017948
0.002606 0.003091 0.011871
Iteration 41:
-0.000060 -0.000242 0.000707
0.000694 -0.001438 0.004584
0.000963 0.000979 0.003934
-0.000697 -0.000607 0.002637
0.000528 -0.004442 0.013184
-0.002001 0.002227 0.008707
0.000351 0.001206 0.003596
-0.002754 0.001950 0.009847
0.002457 -0.002047 0.009319
0.002416 0.000554 0.007175
0.003840 0.002980 0.014376
0.001431 0.000013 0.004102
0.002048 -0.000068 0.005906
-0.001680 0.000181 0.004855
-0.000766 0.000191 0.002249
-0.002288 0.002075 0.008990
0.000080 -0.001286 0.003687
-0.000762 -0.000142 0.002208
-0.001226 -0.000299 0.003612
0.000885 -0.003716 0.011194
0.001045 0.000806 0.003778
0.001865 -0.002198 0.008376
0.002291 0.003185 0.011507
-0.001403 0.001570 0.006073
0.001543 -0.001207 0.005643
0.001652 -0.003907 0.012476
0.000564 -0.000095 0.001625
0.003883 -0.001217 0.011951
-0.000791 -0.001667 0.005310
-0.000575 -0.001331 0.004158
0.000407 -0.000252 0.001360
0.002221 -0.001380 0.007578
0.001566 -0.002885 0.009570
0.001417 0.002125 0.007398
0.002126 0.000710 0.006474
-0.000868 -0.005054 0.015203
0.000441 0.002845 0.008363
0.002029 0.002051 0.008382
0.003106 -0.003739 0.014378
0.002844 -0.002233 0.010577
0.001491 -0.000409 0.004436
0.003160 -0.000733 0.009455
-0.001196 0.000102 0.003434
-0.000646 0.001616 0.005002
0.000658 -0.002241 0.006752
-0.000854 -0.000643 0.003053
0.000913 0.001126 0.004157
0.001055 0.004475 0.013566
-0.005961 0.000733 0.017948
0.002370 0.000951 0.007398
Iteration 42:
0.002048 -0.000068 0.005906
-0.000464 0.000914 0.002927
0.002416 0.000554 0.007175
0.002457 -0.002047 0.009319
0.004829 -0.002158 0.015705
0.001431 0.000013 0.004102
0.000080 -0.001286 0.003687
-0.001226 -0.000299 0.003612
-0.000791 -0.001667 0.005310
0.001625 -0.001342 0.006079
-0.001196 0.000102 0.003434
0.000963 0.000979 0.003934
-0.001680 0.000181 0.004855
0.001417 0.000696 0.004530
0.000257 0.000373 0.001285
-0.000210 -0.000737 0.002184
0.001865 -0.002198 0.008376
0.000285 -0.000366 0.001318
0.002029 0.002051 0.008382
0.000351 0.001206 0.003596
0.000407 -0.000252 0.001360
0.001045 0.000806 0.003778
0.000242 0.000600 0.001842
0.000913 0.001126 0.004157
-0.000766 0.000191 0.002249
-0.000854 -0.000643 0.003053
0.001178 0.002980 0.009336
0.001566 -0.002885 0.009570
-0.002759 -0.001169 0.008714
0.003160 -0.000733 0.009455
0.000441 0.002845 0.008363
-0.000762 -0.000142 0.002208
0.000564 -0.000095 0.001625
-0.001634 0.002648 0.009059
0.001543 -0.001207 0.005643
-0.000697 -0.000607 0.002637
-0.001403 0.001570 0.006073
0.002221 -0.001380 0.007578
-0.000575 -0.001331 0.004158
0.001094 -0.001390 0.005085
0.001055 -0.002573 0.008072
0.003106 -0.003739 0.014378
0.000020 0.001684 0.004840
0.000658 -0.002241 0.006752
0.001135 0.001248 0.004848
0.002126 0.000710 0.006474
-0.000646 0.001616 0.005002
0.002370 0.000951 0.007398
0.001491 -0.000409 0.004436
-0.000060 -0.000242 0.000707
Iteration 43:
0.000564 -0.000095 0.001625
0.000963 0.000979 0.003934
0.000020 0.001684 0.004840
-0.000854 -0.000643 0.003053
-0.000697 -0.000607 0.002637
0.001566 -0.002885 0.009570
0.001417 0.000696 0.004530
0.001135 0.001248 0.004848
0.000913 0.001126 0.004157
-0.000210 -0.000737 0.002184
0.000285 -0.000366 0.001318
0.001178 0.002980 0.009336
0.000035 0.000721 0.002055
0.000351 0.001206 0.003596
0.000080 -0.001286 0.003687
0.000702 -0.000762 0.002959
0.001200 -0.004586 0.014005
-0.000461 -0.000068 0.001324
-0.001196 0.000102 0.003434
-0.000302 -0.001527 0.004468
0.001865 -0.002198 0.008376
-0.001680 0.000181 0.004855
-0.000060 -0.000242 0.000707
-0.001403 0.001570 0.006073
0.001543 -0.001207 0.005643
-0.001634 -0.000846 0.005295
-0.000224 0.001463 0.004244
-0.000762 -0.000142 0.002208
0.002416 0.000554 0.007175
0.000257 0.000373 0.001285
0.000658 -0.002241 0.006752
-0.001226 -0.000299 0.003612
-0.000646 0.001616 0.005002
0.000407 -0.000252 0.001360
0.001431 0.000013 0.004102
0.002126 0.000710 0.006474
0.000242 0.000600 0.001842
0.001094 -0.001390 0.005085
0.000020 -0.002417 0.006992
-0.000211 -0.000396 0.001275
0.001055 -0.002573 0.008072
0.002358 0.000591 0.007032
0.002370 0.000951 0.007398
0.001625 0.000108 0.004677
0.001045 0.000806 0.003778
-0.000575 -0.001331 0.004158
0.003106 -0.001407 0.009954
-0.000791 -0.001667 0.005310
0.000080 -0.001380 0.003960
-0.000464 0.000914 0.002927
Iteration 44:
-0.000036 0.001248 0.003573
0.000185 0.001856 0.005367
0.000447 -0.000068 0.001283
0.000257 0.000373 0.001285
-0.001634 -0.000846 0.005295
0.000407 -0.000252 0.001360
-0.000302 -0.001527 0.004468
0.000439 0.000623 0.002172
0.002416 0.000554 0.007175
0.000080 -0.001286 0.003687
-0.000224 0.001463 0.004244
-0.001550 0.000626 0.004802
-0.000798 -0.003632 0.010886
0.001566 -0.002885 0.009570
-0.000211 -0.000396 0.001275
-0.000715 -0.000172 0.002094
0.000725 -0.000825 0.003139
0.000564 -0.000095 0.001625
-0.001015 -0.000634 0.003422
0.000035 0.000721 0.002055
-0.001680 0.000181 0.004855
0.001178 0.002980 0.009336
0.000020 0.001684 0.004840
0.000351 0.001206 0.003596
0.001543 -0.001207 0.005643
0.000836 -0.002573 0.007847
-0.000705 0.001575 0.004960
-0.000791 -0.001667 0.005310
-0.001403 0.001570 0.006073
0.000658 -0.002241 0.006752
-0.000575 -0.001331 0.004158
-0.000464 0.000914 0.002927
0.000080 -0.001380 0.003960
0.000020 -0.002417 0.006992
-0.001226 -0.000299 0.003612
-0.000646 0.001616 0.005002
0.001431 0.000013 0.004102
0.000285 -0.000366 0.001318
0.001417 0.000696 0.004530
0.001865 -0.002198 0.008376
-0.000854 -0.000643 0.003053
0.000339 0.001126 0.003363
0.000963 0.000979 0.003934
-0.000060 -0.000242 0.000707
0.001625 0.000108 0.004677
-0.000697 -0.000607 0.002637
0.001094 -0.001390 0.005085
-0.000210 -0.000737 0.002184
0.002200 -0.000933 0.006910
0.000242 0.000600 0.001842
Iteration 45:
0.000439 0.000623 0.002172
-0.000488 0.000385 0.001767
0.000564 -0.000095 0.001625
-0.001634 -0.000846 0.005295
-0.000060 -0.000242 0.000707
-0.000016 0.001684 0.004840
0.000407 -0.000084 0.001180
0.000285 -0.000366 0.001318
-0.000210 -0.000737 0.002184
0.000447 -0.000068 0.001283
-0.000302 -0.001527 0.004468
0.000306 0.001196 0.003532
0.000436 0.001419 0.004257
0.000232 -0.001733 0.005026
-0.000667 0.001592 0.004961
-0.000715 -0.000172 0.002094
-0.000036 0.001248 0.003573
0.002156 -0.000969 0.006833
-0.000284 -0.000169 0.000938
0.000366 0.000485 0.001728
0.000004 -0.000634 0.001804
0.000641 -0.000805 0.002939
0.000677 -0.000919 0.003264
0.000185 0.001856 0.005367
0.000537 -0.000948 0.003113
0.000320 -0.000916 0.002769
-0.000224 0.001463 0.004244
0.000963 0.000979 0.003934
0.000512 0.001528 0.004628
0.000080 -0.001286 0.003687
0.002416 0.000554 0.007175
-0.000400 -0.000826 0.002619
0.000035 0.000721 0.002055
0.001566 -0.002885 0.009570
-0.000816 -0.000433 0.002636
0.000257 0.000373 0.001285
0.001625 0.000108 0.004677
-0.001403 0.001570 0.006073
-0.000023 0.001388 0.003977
-0.000705 0.001575 0.004960
0.000725 -0.000825 0.003139
0.000339 0.001126 0.003363
-0.000211 -0.000396 0.001275
-0.000575 -0.001331 0.004158
-0.000974 -0.001039 0.004082
-0.000697 -0.000607 0.002637
-0.000791 -0.001667 0.005310
-0.000681 0.000740 0.002872
0.001094 -0.001390 0.005085
-0.000117 -0.001888 0.005445
Iteration 46:
0.000043 -0.000366 0.001046
-0.000302 -0.001527 0.004468
0.000257 0.000373 0.001285
0.000537 -0.000948 0.003113
0.000306 0.001196 0.003532
-0.000667 0.001592 0.004961
-0.000974 -0.001039 0.004082
-0.001256 -0.001117 0.004829
-0.001146 0.000554 0.003643
0.000099 -0.000291 0.000871
0.000725 -0.000825 0.003139
-0.000816 -0.000433 0.002636
0.000382 0.000486 0.001758
-0.000211 -0.000396 0.001275
-0.000715 -0.000172 0.002094
0.000677 -0.000919 0.003264
0.000447 -0.000068 0.001283
0.000035 0.000721 0.002055
-0.000129 0.001201 0.003457
-0.000060 -0.000242 0.000707
0.000439 0.000623 0.002172
0.000320 -0.000916 0.002769
0.000656 -0.000261 0.002010
-0.000400 -0.000826 0.002619
-0.000705 0.001575 0.004960
-0.000435 -0.000016 0.001237
-0.000488 0.000385 0.001767
0.000373 -0.000189 0.001187
-0.000023 0.001388 0.003977
0.000753 -0.001043 0.003682
0.000564 -0.000095 0.001625
-0.000284 -0.000169 0.000938
0.000080 -0.001286 0.003687
-0.001190 -0.001093 0.004640
-0.000117 -0.001888 0.005445
-0.000125 -0.000925 0.002663
0.000778 0.001350 0.004472
0.000027 0.000453 0.001290
0.000436 0.001419 0.004257
-0.000575 -0.001331 0.004158
0.000185 0.001856 0.005367
0.000004 -0.000634 0.001804
-0.000178 -0.000949 0.002757
-0.000186 -0.000425 0.001319
0.000004 0.000745 0.002122
-0.001403 0.001570 0.006073
-0.001127 -0.000196 0.003270
0.000641 -0.000805 0.002939
0.001094 -0.000238 0.003199
-0.000210 -0.000737 0.002184
Iteration 47:
0.000656 -0.000261 0.002010
-0.000284 -0.000169 0.000938
-0.000178 -0.000949 0.002757
0.000725 -0.000825 0.003139
-0.001256 -0.001117 0.004829
-0.000715 -0.000172 0.002094
0.000080 -0.001286 0.003687
-0.001146 0.000001 0.003276
-0.000211 -0.000396 0.001275
0.000537 -0.000948 0.003113
-0.000816 -0.000433 0.002636
0.000534 0.000011 0.001518
-0.000554 -0.000465 0.002060
-0.000488 0.000385 0.001767
0.000035 0.000721 0.002055
-0.000078 -0.000859 0.002460
0.000257 0.000373 0.001285
-0.000085 -0.000826 0.002367
-0.000103 0.000017 0.000295
-0.000166 0.000551 0.001637
-0.000126 -0.000940 0.002706
0.000320 -0.000916 0.002769
0.000690 -0.000396 0.002266
0.000268 0.000541 0.001717
0.000641 -0.000805 0.002939
-0.000118 0.000232 0.000737
-0.001011 -0.000437 0.003148
-0.000262 0.000027 0.000747
-0.000063 -0.000320 0.000925
0.000439 0.000623 0.002172
0.000004 -0.000634 0.001804
0.000447 -0.000068 0.001283
-0.000129 -0.000719 0.002079
0.000099 -0.000291 0.000871
-0.001190 -0.001093 0.004640
0.000802 -0.000628 0.002909
-0.000177 -0.000131 0.000624
-0.001127 -0.000196 0.003270
0.000185 0.001856 0.005367
-0.000060 -0.000242 0.000707
-0.000125 -0.000925 0.002663
0.001094 -0.000238 0.003199
-0.000575 -0.001331 0.004158
0.000677 -0.000919 0.003264
0.000373 -0.000189 0.001187
0.000027 0.000453 0.001290
-0.000023 0.001388 0.003977
-0.000186 -0.000425 0.001319
0.000422 -0.000886 0.002801
-0.000117 -0.001888 0.005445
Iteration 48:
-0.000063 -0.000320 0.000925
0.000641 -0.000805 0.002939
0.000257 0.000373 0.001285
-0.000715 -0.000172 0.002094
0.000026 0.000144 0.000414
-0.000078 -0.000859 0.002460
0.001126 0.000611 0.003668
-0.000284 -0.000169 0.000938
-0.000488 0.000385 0.001767
-0.001011 -0.000437 0.003148
0.000004 -0.000634 0.001804
-0.000059 -0.000956 0.002735
0.000439 0.000623 0.002172
-0.000118 0.000232 0.000737
0.000490 0.000251 0.001565
0.000447 -0.000068 0.001283
0.000099 -0.000291 0.000871
-0.000126 -0.000940 0.002706
-0.000166 0.000551 0.001637
0.000534 0.000011 0.001518
0.000035 0.000721 0.002055
0.000426 -0.000432 0.001727
-0.001146 0.000001 0.003276
0.000217 0.000663 0.001986
-0.000211 -0.000396 0.001275
0.000802 -0.000628 0.002909
0.000422 -0.000886 0.002801
0.000139 -0.000251 0.000815
0.000537 -0.000948 0.003113
-0.000129 -0.000719 0.002079
-0.000186 -0.000425 0.001319
0.000320 -0.000916 0.002769
0.001094 -0.000238 0.003199
-0.000177 -0.000131 0.000624
-0.000554 -0.000465 0.002060
-0.000562 0.000332 0.001857
0.000002 -0.001236 0.003536
0.000373 -0.000189 0.001187
-0.000915 0.000800 0.003477
-0.000267 -0.000634 0.001959
-0.001002 -0.000456 0.003147
0.000224 -0.000028 0.000639
-0.000649 -0.000869 0.003098
-0.000103 0.000017 0.000295
0.000137 -0.000216 0.000724
-0.001127 -0.000196 0.003270
0.000268 0.000541 0.001717
-0.000262 0.000027 0.000747
0.000656 -0.000261 0.002010
-0.000117 -0.001888 0.005445
Iteration 49:
0.000004 -0.000634 0.001804
-0.000340 0.000043 0.000972
0.000026 0.000144 0.000414
-0.000166 0.000551 0.001637
-0.000177 -0.000131 0.000624
-0.000715 -0.000172 0.002094
-0.000103 0.000017 0.000295
-0.000129 -0.000145 0.000551
-0.001011 -0.000437 0.003148
-0.000245 -0.000247 0.000987
0.000137 -0.000216 0.000724
0.000195 0.000373 0.001194
0.000641 0.000043 0.001829
0.000447 -0.000068 0.001283
-0.001146 0.000001 0.003276
-0.000146 0.000452 0.001350
-0.000209 0.000575 0.001741
-0.000649 -0.000869 0.003098
0.000253 0.000594 0.001836
-0.000875 0.000496 0.002872
-0.000059 -0.000956 0.002735
-0.000078 -0.000859 0.002460
-0.000063 -0.000320 0.000925
-0.000488 0.000385 0.001767
0.000373 -0.000189 0.001187
0.001060 0.000273 0.003127
0.000224 -0.000028 0.000639
0.000490 0.000251 0.001565
-0.000211 -0.000396 0.001275
-0.000267 -0.000634 0.001959
-0.000554 -0.000465 0.002060
-0.001002 -0.000456 0.003147
-0.000118 0.000232 0.000737
0.000099 -0.000291 0.000871
-0.000562 0.000332 0.001857
-0.000074 -0.000825 0.002361
0.000139 -0.000251 0.000815
-0.000691 -0.000967 0.003401
0.001094 -0.000238 0.003199
0.000069 -0.000804 0.002299
0.000656 -0.000261 0.002010
0.000358 -0.000170 0.001126
-0.000186 -0.000425 0.001319
0.000426 -0.000432 0.001727
0.000802 -0.000628 0.002909
0.000268 0.000541 0.001717
-0.000262 0.000027 0.000747
-0.000284 -0.000169 0.000938
0.000439 0.000623 0.002172
-0.000915 0.000800 0.003477
