Iteration 0:
1.882522 -2.549025 32.173480
1.369366 -1.098891 21.768196
2.304459 -2.308813 37.608318
2.473576 -2.193747 37.332221
1.107046 -1.941313 7.844306
-0.803463 -2.510267 33.629857
1.110917 -1.414017 24.141141
1.740630 -1.754073 26.439074
2.315667 -0.289394 31.905955
3.579458 -0.808889 38.629978
1.413939 -2.571695 46.188543
1.155332 -1.898920 11.287030
2.498581 -2.752096 43.684824
3.575529 1.619813 51.600855
1.136850 -3.192517 21.425321
1.212991 0.870636 13.050379
-1.214888 0.339648 24.742612
1.194999 1.074884 10.282592
1.123275 0.692801 18.111524
1.138779 -1.384048 24.240650
0.260111 -3.526550 43.000284
1.298926 0.408003 33.254974
0.013405 -2.242351 14.583320
-0.070245 -1.607576 21.348840
3.965149 -0.328436 30.800262
1.292059 -2.198824 25.955875
4.238400 0.501110 47.486670
2.742589 -1.662194 35.991566
1.855761 -1.948606 11.591003
-0.702369 -2.616574 37.723386
2.335186 -1.330098 37.145630
3.794216 -0.636418 38.604597
2.280250 -2.069213 22.301170
0.998457 -1.688747 17.603570
1.486321 3.437309 53.221511
2.705757 0.094772 21.795478
1.973604 -1.361112 22.312854
2.398609 -2.750415 41.330559
-1.025960 -1.594686 22.010228
1.488291 -0.101860 24.177402
-0.690896 -1.991811 18.086709
1.549436 -1.824032 30.763668
1.105594 -1.114964 7.084224
0.494626 1.197200 28.415266
0.244023 0.534123 29.740393
0.865758 -0.011574 4.127338
2.397353 -2.698485 44.200960
1.041846 0.482864 21.604363
1.712229 -3.294650 38.906246
3.829951 1.639486 38.940692
Iteration 1:
0.542205 -1.740134 33.591983
1.321255 0.987188 17.081664
0.964945 -1.224315 11.064821
0.986239 1.781994 12.188806
1.657773 -0.543849 38.142749
5.120000 0.060261 29.636625
-1.025562 -1.744385 14.576070
2.667762 1.732089 36.180332
2.081292 1.119025 9.528855
0.170335 -0.271894 16.675187
0.148131 0.089290 5.590375
1.847860 0.716672 20.238492
2.644625 -0.005110 23.146885
3.946946 0.055608 16.736158
1.733070 0.248252 24.017016
3.614980 -2.341046 51.464146
5.120000 -1.913648 34.022885
0.207567 -2.223245 20.678061
0.200401 -5.120000 35.898700
-0.709010 -1.890915 18.883722
0.301174 -0.459241 33.135708
0.465074 -5.120000 48.901193
-1.816530 -0.948689 10.655483
4.438475 1.757838 51.559824
5.120000 -2.285054 46.330944
2.186887 1.310041 26.319941
1.293232 1.433330 35.545330
-1.212169 -2.566181 34.847801
1.434067 0.746842 31.966800
0.544830 -2.121878 27.196732
0.821895 -1.374210 25.234632
-0.456846 -3.873406 37.846754
0.649212 -3.925951 32.815387
0.961763 -4.964265 26.107148
4.156384 2.388042 45.055709
-1.413794 -0.089102 22.101980
0.754827 -0.830709 16.100064
1.918073 -0.972131 6.072863
-1.239962 -1.348961 28.551849
2.739639 -3.279512 40.755056
0.925735 0.142074 5.672956
-1.147210 -0.449241 24.994874
1.285245 -0.279371 25.761369
1.475882 0.216653 30.030629
2.782578 -0.981089 16.743139
-2.211370 -2.173652 22.596255
1.845233 0.104281 9.853686
-1.315298 -3.865905 34.008233
0.986353 2.460254 26.752277
0.782396 -0.885353 11.858786
Iteration 2:
-0.950826 0.608290 19.520766
-1.643361 -0.680848 33.583799
0.538778 0.134486 23.375699
-1.480830 -0.316175 36.259512
0.239866 -0.513396 29.649421
1.015391 -0.448739 20.764900
-0.765540 -0.242138 19.176048
0.734123 1.088529 14.227305
-1.517966 -0.949844 23.635250
-2.264425 0.949816 17.427879
-2.130410 0.228188 16.397863
1.312929 0.832846 21.295699
-0.174949 -2.660851 27.881029
0.187920 2.363432 28.357607
-2.164934 -0.161330 14.331471
-0.581417 -0.604292 37.351780
2.091015 0.271959 17.412706
3.228651 2.073629 24.437900
1.884807 2.423985 30.816035
2.870158 0.689262 25.584502
0.750810 -0.238269 19.833188
3.465514 2.091690 37.765221
0.924598 -0.853440 6.633370
1.214996 -1.515229 31.544685
5.120000 -1.860367 35.993694
5.120000 -0.252086 39.119327
-2.452118 1.271531 38.529240
-0.202767 -0.015396 7.163720
-2.423801 -2.155788 33.818052
-0.684454 -1.328262 30.957272
1.622608 0.261881 30.623797
1.112197 1.053566 5.291602
-0.403155 -1.962276 22.497760
0.638751 -1.502166 39.098086
1.114672 1.589547 24.712931
0.230570 -1.428110 29.871946
-1.012508 0.823561 7.275105
2.144580 4.062812 25.724477
1.039123 2.881894 12.315066
-0.364944 -1.350548 34.473304
-0.513881 -0.753939 30.547042
2.696912 -0.904642 23.107697
-3.782547 -4.347886 56.950885
-0.786434 0.810809 15.278142
0.773679 2.935008 18.552809
-0.145110 1.485444 26.062187
0.937660 -0.554455 21.364346
1.133107 -0.243438 14.229162
-0.831052 1.227787 15.931638
0.893619 0.181805 8.828640
Iteration 3:
0.463260 0.046715 20.379214
-0.121252 -0.543485 22.703541
0.346650 0.878851 19.358769
-0.006084 1.604654 20.497122
0.005573 1.282903 13.704675
-1.394059 2.087783 25.650328
0.016511 -0.442696 19.608802
-1.556070 -0.423769 40.861427
1.573175 0.190595 27.826290
4.933333 1.317931 41.079050
-2.957604 -1.274912 22.284428
0.585890 5.104530 47.058695
0.933664 1.380542 20.946679
-0.265741 -3.123745 23.689214
5.120000 -0.080509 30.183576
1.350600 -0.048302 18.191782
3.623723 0.519193 50.455888
1.786484 0.779905 19.659532
0.365846 0.194482 23.406585
-0.457946 -0.762738 29.644935
-0.584005 -0.485691 39.175634
0.269578 -0.026123 11.434748
0.978585 0.235057 10.165745
-0.129500 1.517297 25.391607
0.216055 0.731783 19.607568
0.201723 -0.430816 26.309226
3.449255 0.786443 39.742032
-1.153262 -2.000824 9.622632
-4.114908 -1.059674 21.245162
-2.126144 -0.801722 14.950328
1.006038 -0.854379 5.651057
1.352325 3.637806 47.537675
-2.677200 3.034932 31.034415
-0.313037 0.936370 15.621397
0.713643 -0.639112 29.599426
-1.234633 -1.748400 23.717728
3.366817 -0.156949 32.539260
-5.120000 1.138194 33.758948
-0.405470 0.583805 37.437988
0.427560 0.855798 23.728544
0.476210 -0.068332 21.027545
0.230596 2.003150 12.851586
0.218836 1.216045 17.463748
-4.598551 -1.137875 44.108241
-0.894141 -1.249814 14.481518
0.724654 -0.259101 22.749576
-0.759638 0.240654 19.442859
0.517195 -0.411841 38.883474
-0.609739 1.377854 37.182583
0.066482 2.134198 8.768242
Iteration 4:
0.590434 1.209840 27.744313
0.402736 0.812870 25.164624
0.387306 0.363498 34.420323
0.587405 -0.133212 22.195347
1.386233 -0.895748 22.345862
0.780039 0.469176 28.765436
1.801068 0.231194 18.964495
-2.212231 -1.117655 16.402487
1.229795 0.183361 16.214118
1.357323 1.336624 35.050658
0.157232 1.155101 10.239094
0.369814 0.807801 24.073785
-0.389322 -3.114914 30.027508
5.120000 -0.621239 46.546832
0.701225 0.392316 31.459547
-0.588188 0.436966 38.266550
0.016351 -1.160930 6.091909
0.875329 -0.034234 3.912144
0.785472 0.546136 28.287642
0.987402 1.208321 9.877391
-3.251149 -0.801129 28.126385
1.025614 -1.488353 23.369540
-0.356492 1.780162 27.615117
2.123201 -0.609312 25.461310
0.584349 1.133924 23.591748
5.120000 2.255172 44.335426
0.147378 -0.648778 20.372097
1.041328 0.138250 4.980175
-2.378281 -0.568940 42.271631
0.954118 -0.679309 16.081496
0.902122 -0.366806 19.478349
0.159294 2.758876 21.683719
1.217641 3.023099 18.707695
-1.393478 0.144219 23.637369
0.314704 -0.428550 33.246187
0.331292 0.921800 17.030960
-0.432182 -1.805541 29.133224
-0.411397 -1.516168 40.906445
3.021615 0.312543 23.149221
-0.099275 0.733236 13.482006
0.369894 -3.934926 33.285369
1.118157 -0.287141 16.276783
1.263266 -0.985427 13.441390
1.525498 0.050300 22.696884
1.151449 -0.045870 5.936458
1.298426 0.054738 15.270511
2.133802 1.550176 29.793903
-0.309095 -0.087965 15.220509
0.961541 0.361960 17.814753
1.423598 -0.858613 25.326712
Iteration 5:
1.111516 -1.759885 16.067910
1.893089 -0.374819 22.959885
3.090363 -0.574228 30.381019
1.541380 3.386919 51.091256
2.062288 0.384224 22.625557
0.930416 0.608952 19.924064
2.475334 -0.331668 41.026557
0.489372 0.061525 20.958931
0.851642 -0.067793 5.662465
2.014997 -3.004914 13.138851
1.193532 -0.371905 25.021047
0.318654 -1.439036 35.628795
0.834608 0.294532 18.475771
1.131801 0.048401 4.979664
-0.736602 0.141524 15.103310
0.572555 -0.158658 23.902503
-1.334517 0.386657 34.564272
2.534443 -1.831018 34.669278
4.368495 0.683575 50.380745
-1.310332 0.348202 31.324893
1.358707 0.822665 24.425580
0.499991 -1.069777 22.340200
0.716855 -0.273647 24.136589
0.108493 -2.728579 21.033638
4.645945 -0.106647 39.840505
1.893679 -1.148634 11.107904
0.857740 -1.683974 21.337837
1.336210 -0.325231 31.599779
2.046368 -0.160981 9.328833
1.433112 -0.087621 22.668849
1.106453 -0.040356 3.700335
5.120000 -0.278533 40.785470
2.285642 -0.587815 36.306531
2.440764 -0.243058 34.895688
-1.678667 -0.079948 18.393115
0.856596 0.852331 9.256517
0.402669 0.024345 18.467115
1.421541 -0.058524 21.501993
0.121655 0.363609 19.476219
-0.721510 -1.188575 19.949490
1.986762 0.247840 13.907525
0.302050 -0.667713 28.692479
1.278856 -0.665873 28.925132
1.381942 -0.568380 38.696616
1.328582 -0.594197 35.156517
1.821100 1.280672 22.551584
1.207656 -1.496669 31.066969
-1.141825 -1.230920 15.337521
-0.045008 -2.808717 14.681968
2.271497 3.472824 48.421364
Iteration 6:
-0.299922 -0.394153 31.199612
2.000151 -0.932436 5.757675
0.488381 0.091383 21.823826
0.574119 -0.658377 35.142222
-0.090613 0.045144 1.987275
2.536204 1.157204 32.008075
0.165305 0.039258 5.257656
-0.705901 0.421206 32.210557
2.089057 0.748433 16.547886
1.114988 -0.198337 10.591522
0.133935 0.675673 18.313498
0.697573 -0.955331 15.025379
0.875101 0.385465 21.359238
1.229405 5.120000 39.145748
-0.066825 0.128675 3.983728
-0.815222 -0.723540 18.858722
2.719516 -1.643263 38.214690
-2.016777 -1.693438 20.470210
-3.616694 0.874406 34.230728
-0.238051 0.570440 28.668433
-0.966020 1.358599 19.312190
0.438626 -0.429372 38.673804
0.341863 -0.266499 26.679430
0.784015 -0.403556 26.876023
1.445570 -0.908214 23.952770
-1.326891 -0.567597 35.839781
-0.224822 0.747259 19.205764
0.650036 1.301057 31.144575
-0.052741 -0.047964 0.999832
0.264858 -0.099121 12.889699
2.268747 0.539883 36.301522
1.776716 0.367671 28.359221
-0.746077 -0.192304 17.293806
2.320274 -3.586685 51.074412
0.546783 0.098256 21.725624
1.775610 1.479014 33.651287
-0.407143 0.238189 27.826811
0.917270 -1.227051 12.230974
0.499606 0.856657 24.772450
0.328254 -0.368988 31.764042
-0.185953 0.182891 12.058838
-0.272039 0.024368 11.571885
3.459731 0.135526 35.081413
-2.131968 -0.010025 7.810431
-0.641474 0.170963 21.978927
-1.303064 0.904307 17.542151
2.132363 -0.406538 26.300506
1.584548 -4.256423 49.653252
-0.488734 0.732429 31.852071
-0.922897 -0.357863 18.400732
Iteration 7:
-0.016288 -1.959393 4.215533
-1.319120 -0.425962 35.066549
-1.588152 3.714622 47.030206
-2.197324 1.042155 13.013393
1.271111 3.621719 43.270482
-1.948569 -0.188262 10.567420
1.332958 1.923025 21.601297
-0.337148 0.160419 20.009487
-1.088735 -1.533922 24.826391
-0.818810 2.004684 10.503503
5.120000 1.128792 33.298302
0.716082 -0.248480 22.594095
0.032131 -0.264292 11.170780
-2.591053 -1.058347 26.905794
0.515363 -0.228168 28.903645
-0.005611 -0.382422 17.545519
0.229275 0.002188 8.754989
-0.114669 -0.016962 2.555341
-1.862860 -0.595607 25.562619
-5.120000 -2.966869 37.942916
-2.222743 -2.025144 17.462110
1.153590 -0.785972 14.013645
0.844502 -0.352199 21.231330
-0.323394 0.595986 33.145341
-1.609642 0.284881 32.565721
-0.293479 2.890127 23.426789
-1.383254 0.435645 38.724875
-1.812403 0.350682 25.499008
0.073533 0.998970 2.052030
0.134431 -0.186936 9.553592
-0.487378 1.200597 28.593073
1.504918 -2.123958 29.653970
-0.557909 1.335157 36.538148
-0.859751 -0.048801 4.845811
-0.441231 -0.908847 21.942412
0.345570 0.675533 30.736236
-0.803022 0.024731 7.495754
0.073602 1.948833 5.366105
-0.060124 0.136351 4.178098
-0.877768 -0.117151 6.180213
-0.819727 0.674967 21.427012
0.497047 -0.021263 20.334902
-1.281249 -1.886767 19.578292
-0.359413 0.647845 32.881474
-0.569612 0.467875 39.398964
-3.206292 -0.528309 37.689812
-1.643643 -0.214336 26.721596
-0.667287 0.791152 23.480488
-0.658427 -0.299570 29.029156
0.507651 -0.046343 20.669258
Iteration 8:
-0.376657 -1.455902 39.024419
0.678885 0.097723 16.618104
-0.690990 -0.146237 18.054734
0.198773 -0.224063 15.303874
-0.140941 0.649197 20.031363
-0.709846 1.164658 19.247667
-3.320268 -1.371505 44.092318
-1.845485 -2.977188 16.726010
-0.482838 -0.361344 36.744713
0.448962 -0.422661 38.712824
1.223103 1.449088 31.406569
0.322103 -1.049821 16.068790
0.158434 0.653168 20.726328
1.386533 -0.065592 20.328499
0.142987 -0.562091 23.356465
0.158738 1.454682 26.313579
1.186652 0.035227 7.777349
-0.694253 0.213926 21.711963
-0.369022 -0.947141 18.380282
0.333274 2.413611 39.496005
0.350333 1.105291 19.348819
-1.716990 0.182388 20.918979
-1.116661 -1.962979 7.937869
1.848594 -0.126512 10.623574
0.243330 -0.012978 9.673646
0.092850 -0.029903 1.839525
-1.829248 3.989114 24.506465
1.493707 -0.287142 34.618360
-0.637125 3.383097 45.785126
-5.120000 2.606881 53.549120
-0.786114 -0.269836 19.684170
-4.244473 -1.126420 31.929489
0.426469 -0.118371 21.788094
1.068588 -2.375355 24.785338
-3.486843 0.401987 50.448442
-0.739788 0.322828 25.710605
0.613695 0.013812 17.969516
-1.343742 -1.035999 18.688936
-2.319520 -2.606442 44.249901
-0.054783 -0.635714 17.573135
-0.254829 0.146994 14.360345
0.323757 0.060958 15.303303
-1.510083 0.070916 23.241702
-1.347101 -0.808771 24.588988
0.054253 0.223471 8.969101
-0.533384 0.485716 40.260987
-0.156361 1.319271 20.431327
0.360421 0.124110 19.429395
5.120000 1.012000 29.977269
0.672271 -0.391172 33.048858
Iteration 9:
0.619884 -0.568736 37.084212
0.591961 -0.076427 19.863860
1.453358 0.280157 33.647898
-0.169302 -0.463920 25.132111
-0.640091 0.033428 17.000416
-0.725709 0.334602 27.227793
3.257138 -0.054314 21.636912
-0.025701 -0.083569 1.484895
0.268403 1.642294 30.185445
-0.320914 1.157779 20.277581
-0.314285 0.081976 15.333097
0.083030 -1.274579 14.499906
0.196980 0.072685 7.798858
0.513516 -0.398032 38.402942
0.798764 -0.069294 8.559579
2.485969 -0.703327 39.526566
1.264858 -0.044224 12.917579
0.328934 0.123065 17.725531
0.000585 0.135985 3.452015
2.373418 -0.186356 28.775124
0.536662 0.703775 33.382895
0.431657 -0.180576 25.085994
0.019918 -0.151204 4.284996
-0.168740 -1.242745 16.230418
1.242617 0.206403 18.417858
1.298906 0.055975 15.327160
4.408758 0.646376 54.316697
-5.120000 0.622201 46.506168
2.981426 0.930275 10.766729
0.266401 0.510915 31.337183
-1.690136 -1.490609 38.734345
2.078935 -1.476196 27.594376
0.289662 -0.530974 32.643402
-0.142626 -0.352357 19.895271
0.291692 -0.786528 21.018438
4.807982 2.320662 49.234471
1.004359 -0.726654 13.002132
-1.162741 0.515329 26.359118
-0.250423 1.083154 12.596631
-0.937295 -0.365184 18.399787
-1.002861 -0.951016 2.381682
-0.701312 0.549865 33.319016
-0.393706 -2.035130 22.390839
0.516338 1.540947 42.259345
1.205244 -0.503041 28.928665
-0.964349 3.538193 33.412057
1.136963 -2.744692 22.639409
-0.404434 -0.691460 32.488255
-0.019842 -0.021015 0.165493
1.571868 -1.992761 25.449888
Iteration 10:
0.344729 0.168000 20.826540
-0.470609 -1.739275 33.749897
0.250727 0.172980 15.485867
0.011965 0.672058 15.183856
0.023184 0.115444 2.637157
1.348902 -0.164075 22.527996
-0.710036 -0.003345 12.991104
0.877955 -0.635594 20.558698
-1.040734 0.619691 19.095836
-2.901793 0.238086 19.573346
0.352584 0.681349 30.777920
0.283536 0.839015 17.570030
-0.647144 0.823393 22.669158
0.685699 -0.775772 23.390931
0.931637 0.767854 11.246500
2.546945 -0.275573 37.730908
-0.009030 0.035870 0.270360
1.908093 0.361352 21.832398
-0.203526 0.020380 7.245008
0.767758 0.045370 9.881617
0.949355 1.473287 23.433367
-0.136489 0.141963 7.217431
1.726201 -0.582678 33.489797
0.442891 -2.159148 28.817771
-0.660113 -2.618300 40.005874
2.930808 -1.064231 11.455826
-0.252405 -0.258455 20.812589
-1.625691 0.314560 33.728203
0.609644 -0.671958 33.251928
0.429791 -0.130741 22.433012
1.025456 -1.127761 5.503704
0.447487 -0.017522 19.721687
-0.376157 0.592147 35.984662
0.399004 -1.840999 26.190546
0.224584 0.627274 25.823105
-0.111430 0.422964 21.395008
1.445205 -0.589099 40.322309
-0.204340 0.156811 11.710256
1.003585 1.922436 5.869699
0.255674 -0.028461 10.582055
2.677929 0.133766 24.893275
-5.120000 0.550159 48.734853
-1.889894 0.025543 5.999958
0.317120 -0.518339 34.396292
0.696513 0.081209 15.063279
0.482260 -0.206492 27.513404
3.803787 -2.890879 31.770203
0.027161 -0.553971 19.883397
0.336746 -1.543169 37.313714
-0.831050 0.479904 25.966094
Iteration 11:
-2.584474 0.423067 44.336971
1.910292 -0.252573 15.421572
-0.759714 0.022980 10.071759
-0.253281 -0.071276 11.261508
-0.036564 0.139875 3.903367
-0.582146 -1.084807 21.599425
1.306173 0.586167 34.076217
1.411004 -1.929736 25.150535
-0.075366 0.704789 14.405464
-1.007713 -0.148446 5.092723
-0.301688 1.119762 17.235849
5.120000 0.217277 36.930359
-0.340372 3.715621 41.442989
1.272033 0.048922 13.469162
0.315652 -0.509257 34.351083
-0.003359 0.022675 0.104075
-0.328703 -0.104305 16.936642
-0.079160 0.027889 1.371796
-1.043071 0.315740 15.565761
0.302370 0.877118 16.927656
0.125551 -0.572700 22.271933
-0.787272 0.543402 28.225047
0.595373 0.866179 22.693838
0.209592 0.124967 10.475308
-0.183734 -0.508167 26.234463
-0.182257 0.679738 20.638912
1.191159 0.338351 23.190379
1.916988 -0.961469 6.220548
-0.733227 0.654740 27.652613
-0.400974 1.381538 37.550902
0.535510 -0.235987 29.215255
-4.333391 -0.815145 40.466067
0.478340 -0.347128 35.987780
-3.923014 -1.825070 25.324379
0.839370 -4.327251 38.770361
1.452246 0.623416 39.191965
-1.733997 0.078493 15.208430
0.798411 3.307142 32.093250
-0.968421 0.390602 19.015801
0.398863 -0.349084 34.160131
-1.191429 0.165123 12.765368
-0.827725 2.480438 32.070457
0.552089 0.040939 20.104681
-0.468354 -0.818577 26.515649
-0.910537 0.064076 3.171427
-0.122765 0.581460 21.901990
0.008037 0.170765 5.266630
-1.160448 -0.534393 26.065140
-0.011485 0.249855 10.079483
-0.073101 -0.227610 9.691371
Iteration 12:
0.121181 0.301065 16.020392
-0.059756 1.586793 21.767609
-0.765336 0.085980 11.055100
0.537148 0.911357 22.359276
1.242896 0.028637 11.260844
-0.175029 1.685850 22.256850
-1.940904 0.393407 22.443166
0.022813 -0.249342 10.123935
0.355549 0.515413 36.501492
-0.725005 -1.190208 19.837181
0.089847 -0.115600 4.096901
0.400996 -0.072923 19.324369
-2.267633 -0.494716 36.487073
-0.215616 0.160441 12.593738
-0.318951 0.050813 14.807727
-0.305214 -0.140748 17.175038
0.951236 1.010473 2.413273
-1.055150 2.339168 22.493474
-0.153448 0.226977 12.932276
2.716565 -0.879636 22.964828
5.120000 0.505601 49.174154
-0.780872 -0.460831 28.593222
1.740316 0.089324 15.178791
0.019050 -0.828883 6.003039
-2.490562 -0.173441 31.588436
0.057701 -0.006752 0.662408
-5.120000 0.854862 33.533304
-0.671494 0.664912 30.723298
-0.496897 -0.281268 32.276154
-0.614825 2.533565 44.083789
-0.574446 -0.243637 28.915475
-0.386561 0.562855 37.262091
0.767950 2.239288 23.806161
0.628830 1.422300 38.149006
-0.260822 -0.504789 30.997777
-0.314125 1.559303 35.764873
-0.579686 -0.059298 19.798196
-0.687165 -0.776894 23.240263
-0.941868 0.317390 15.756346
0.571250 1.285109 33.180527
-0.116813 -0.029587 2.761536
-0.307819 -0.257025 24.155510
0.348706 0.043260 16.302504
-0.197999 -0.023239 6.936689
-1.907268 0.011969 5.316000
0.324233 0.310069 28.383463
-1.317258 -0.504151 36.087207
-0.891754 -0.095672 4.782477
-0.051813 0.150450 4.695595
-0.912356 -2.516032 28.590434
Iteration 13:
0.197799 0.012207 6.847306
0.293811 -1.021405 13.938015
-0.315585 -0.166450 19.120723
-0.506982 0.027472 20.396769
-0.548697 -0.196591 26.582103
4.472723 -0.160114 44.532154
0.274848 -0.604126 29.930492
0.193809 -0.317561 20.799409
-0.148457 0.035009 4.308234
-0.837673 -0.021826 5.561799
-0.808312 -0.316492 21.228420
1.353352 0.264230 28.841223
-0.321112 -0.252525 24.646379
0.135046 0.094470 5.126747
0.937784 0.110538 3.962525
-0.315690 -0.276977 25.874542
-0.381427 2.642874 40.715094
-0.711197 1.052443 14.565392
-0.177719 -0.041300 5.981046
1.489963 -1.471889 44.210985
-0.497254 -0.334500 35.420998
-2.256466 0.301335 28.758486
0.678513 -0.746573 25.575227
0.279618 -0.487555 32.135578
-0.543952 -0.798685 27.543405
2.285420 0.447010 37.081008
0.450623 1.372653 38.575843
-0.526054 0.568623 39.551153
-5.052918 -1.197289 34.261462
-0.241841 -0.029345 9.716454
0.211496 0.062760 8.420393
-0.964508 0.072378 2.199486
-0.709512 -2.502720 39.282123
0.212835 -0.224666 16.196682
0.523809 1.131660 24.674272
-0.170364 0.407539 23.757066
1.089834 0.156592 7.225560
0.254041 -0.246990 20.190339
2.575819 -0.326729 40.264614
0.216142 -0.649199 24.275337
-0.094054 -0.659382 17.530569
1.085668 -2.346442 23.794040
-0.996957 -0.618924 18.714629
-0.115886 0.528196 22.671727
-0.329003 -0.498769 35.119289
0.536506 0.343774 35.701048
-0.836901 -2.660413 27.921661
-0.435734 2.077212 24.854339
0.194096 -0.455675 26.419237
-0.774413 1.079862 11.470699
Iteration 14:
0.598952 0.405457 36.938780
-1.567908 0.021518 21.653516
-0.408925 -0.254496 28.921332
0.080166 0.150188 5.402673
0.062461 -0.211882 8.436847
1.552977 -2.263173 37.811523
0.589400 1.353149 36.678613
0.400695 -0.311433 32.138107
-0.160789 0.041213 5.044617
0.460280 -0.082299 21.216279
0.295989 -0.198124 19.774314
-0.646325 0.105043 18.591952
3.838132 0.195559 26.156346
-0.645339 0.042316 16.881889
0.644751 -0.142314 20.315825
2.937657 0.295916 22.319928
0.170078 0.009890 5.235057
0.293862 1.138915 17.678051
0.772640 0.048148 9.635718
0.537408 -0.422459 39.028786
0.156540 -0.960359 5.714810
0.551463 0.588224 38.634433
0.269666 -1.276132 24.568280
-0.145761 -0.035869 4.184202
-0.707972 -0.757787 23.196478
-0.715886 0.487867 32.848512
-2.058863 0.731802 16.591539
0.728800 -1.581824 33.068680
0.180985 -0.157349 10.357629
-0.707448 -3.469974 45.005660
0.084688 0.242273 10.963154
5.120000 -2.994599 37.898096
0.656907 -0.615816 33.799221
-0.363887 -0.550015 36.505714
0.274568 0.168183 16.723940
0.466641 1.247571 31.402715
-0.792695 0.086795 9.435907
-0.236669 -0.435982 28.611363
-0.175590 -0.614387 23.427977
-0.206615 -0.290626 19.959836
0.410516 -0.242571 28.221362
-0.512131 -1.198130 28.467061
0.018874 0.103944 2.139336
2.453857 0.332011 40.642199
-0.443389 -0.025660 19.700982
-0.470341 -0.850752 24.855871
0.187703 -0.036155 6.478396
0.676678 0.006853 14.912901
0.088732 -0.002075 1.523022
0.159023 1.199955 12.962280
Iteration 15:
0.370491 -0.176972 22.607302
0.303595 -0.204345 20.608679
0.644223 -0.620349 34.242083
1.239902 0.268987 22.165844
-0.375047 0.222544 25.546771
0.715524 1.767141 24.709138
0.505520 0.179689 26.006351
-0.114086 -0.187455 8.679744
-1.024374 0.141625 4.891176
0.637486 -0.237882 26.197461
-3.329687 0.718473 38.371280
-0.377241 -0.592730 36.013715
-0.231134 0.139785 12.505732
-0.384680 0.018297 17.702116
-0.737363 -0.113898 13.803143
-2.485625 0.083385 27.485895
0.313343 0.065715 14.818591
-0.534029 1.459423 41.864151
0.263870 0.018046 11.004519
0.172407 -0.608167 23.493149
-0.892621 -0.532041 23.068807
-0.079821 0.868523 5.214703
0.660520 1.244247 26.953721
0.272847 0.008489 11.519355
0.365746 1.317092 32.608435
1.057970 0.821678 8.097516
-0.255688 -2.451187 35.964361
1.339256 0.506010 37.361239
-0.263047 -0.099316 12.782563
2.488362 -0.506316 46.413700
0.493959 -3.108029 32.113175
-0.419849 -0.993229 19.930332
-0.183729 -0.029335 6.159342
0.023441 0.370078 17.094815
-1.411340 -0.103246 22.522028
0.263385 -0.053744 11.477039
0.183169 0.244830 15.691902
0.224215 0.095585 10.196276
-2.527937 0.196594 32.982495
0.743990 0.993248 11.926580
0.016855 -0.319297 14.376062
-0.399829 0.348407 34.161725
0.000152 -0.046729 0.430134
-0.990592 0.373793 18.155694
-0.071412 -0.009561 1.013080
0.647745 0.432797 35.720489
3.325497 -0.161588 30.379024
-0.086705 0.238122 10.766233
-1.002359 0.117605 3.627799
0.514645 2.232379 34.101156
Iteration 16:
-2.050709 0.163212 9.548562
1.012187 0.022415 1.153334
-0.291702 -0.840978 17.972652
-0.157764 -0.048754 5.016413
0.295608 0.071976 13.924412
-0.355287 0.086783 17.727227
1.086895 0.411029 21.281830
0.096615 0.066138 2.651438
-0.797746 -2.922721 17.379354
-0.173014 -0.108322 7.619042
-0.189964 0.290242 18.938598
0.270224 1.300269 26.137234
-0.374407 1.004903 18.199411
-0.132664 0.284013 15.496600
-1.423916 -0.276652 32.649773
-2.840341 -1.565553 34.305854
0.109367 -3.927467 18.727182
-0.062544 -0.003334 0.768371
1.920308 0.510472 25.154165
-2.814917 1.185219 21.402950
1.188783 0.460279 27.563015
0.107627 0.025089 2.336907
0.888287 -0.050538 3.655469
0.023569 0.804283 7.411923
-0.366711 -0.253526 27.113691
-0.022372 0.025201 0.224865
-0.164666 -0.080171 6.167181
-0.218976 -0.834467 13.745746
0.309299 -0.005618 13.742186
-1.078994 0.044382 2.759163
-1.578639 -0.758827 31.317559
0.724539 0.100703 14.063958
2.219589 0.258751 23.643874
-1.163156 0.427571 25.328179
-0.784651 -0.047468 8.899390
0.257050 0.380430 27.961788
-0.048181 -0.051863 0.986017
1.220930 0.582785 28.691315
-0.156893 0.037797 4.784648
0.112488 0.938971 4.015997
0.276630 0.357168 28.105683
0.020336 -0.163661 4.946061
-0.532995 2.052996 24.834048
-0.561896 -0.620567 37.219335
-0.210150 0.504435 27.816976
0.430060 -0.442958 38.795620
-0.277740 0.037884 12.094687
-0.115443 0.109692 4.825223
0.382122 -0.412675 36.228762
0.005435 0.163349 4.853116
Iteration 17:
0.139473 -0.149988 7.763771
0.838562 1.368995 24.094864
0.146970 -0.693727 17.934573
-0.581374 2.737915 37.313894
0.199795 0.010753 6.960435
-0.008767 0.110234 2.331629
-2.288221 -2.900042 27.932937
0.174110 0.422038 24.442817
-2.076843 -0.518173 25.659767
0.247534 -0.242725 19.508325
0.120235 -0.493282 22.969322
-0.041238 -0.186818 6.504013
-0.106242 0.514763 22.379817
-0.155996 -0.022469 4.555349
-0.376582 0.065932 18.133031
-1.817044 0.334744 24.401271
-1.379037 -4.530923 59.490993
0.927883 -0.159525 6.512143
-0.281535 0.737103 23.400475
0.312310 -0.655699 29.927716
0.125790 -0.098364 4.839447
-0.195399 -3.822167 26.902774
-0.430889 0.016172 19.309429
0.710322 -0.076965 14.124437
1.282473 0.863320 17.882725
0.209920 0.029858 7.728624
2.815447 0.187888 20.160524
0.635364 0.022123 17.096592
0.112163 0.027218 2.541402
-0.702554 0.588228 32.279166
2.363495 0.162301 26.918695
2.361448 0.329078 36.895497
-0.229736 -0.175530 14.303597
0.443017 1.165367 25.849645
-0.103099 0.387503 19.790796
-0.467615 0.463894 39.971318
0.248888 -0.605035 28.258358
-0.000645 -0.001030 0.000293
0.549160 -1.331817 36.519342
-0.200953 0.001103 7.007470
0.091981 2.581806 27.006087
0.123011 -0.140428 6.522468
0.797227 0.731452 19.409387
-0.753572 2.568835 36.021589
-0.015258 0.160031 4.715161
-1.854178 -0.550765 27.148728
0.694385 0.092974 15.572818
-1.051136 -0.372070 18.694769
0.090007 -0.527741 21.692034
0.111435 0.180552 8.171310
Iteration 18:
0.004965 -0.014439 0.046220
0.492265 -0.170669 25.478991
0.032630 0.034553 0.446445
0.291619 -0.033886 12.897317
0.185306 0.225007 14.567242
0.967465 -1.114705 4.873418
0.986954 0.083587 2.362368
-0.032988 0.169335 5.389685
-1.475430 1.226329 32.080011
2.643736 -0.127798 26.251617
0.365648 0.014485 16.818875
-0.145566 -0.067210 4.803250
-0.283256 -0.227905 20.822694
0.131403 -0.963593 4.425323
0.212139 -0.111047 10.037834
-0.016352 2.978654 9.015188
-0.218529 0.148795 12.166410
-0.384678 -0.063835 18.433406
0.176021 2.205706 17.666161
-0.030582 0.007872 0.197268
-0.520260 0.700656 33.731635
0.158424 -0.298193 17.654370
-0.626795 0.002027 17.384547
-1.049735 -2.031325 5.905596
0.374631 1.306217 32.360455
-0.279315 0.282750 24.032759
0.428623 0.031667 19.393116
0.143932 -0.289471 16.377197
0.823494 -0.374105 23.393922
0.748834 0.763798 20.351524
-0.879301 0.058114 4.176253
3.197517 0.381123 34.469004
-0.134732 2.162482 12.842769
-0.250804 -0.057234 10.756376
0.296777 1.400421 33.051887
-0.805409 -0.011402 7.262911
0.557598 -0.379536 37.076930
-0.052386 -0.214095 8.348542
0.078084 -0.019707 1.262620
0.458462 1.080592 22.294133
-1.282486 0.155514 18.101879
-0.616141 -0.031347 18.027476
0.123004 -0.066804 3.728477
-0.091040 -1.172951 8.321819
0.790661 0.032323 8.304624
0.829473 -0.045293 6.303807
3.135613 -3.318929 38.459993
0.355543 -0.011238 16.307454
2.759906 -0.022596 17.096216
0.099592 -0.152340 6.169637
Iteration 19:
1.392271 -0.345741 35.512532
-0.639775 -0.166966 21.838613
0.023848 -0.017192 0.171199
0.531457 -0.134227 23.456275
-0.092869 -0.113968 4.132465
0.141547 -0.016630 3.775802
0.106545 0.263480 13.085055
0.108089 0.124554 5.155217
0.300486 0.418291 32.095300
0.065713 0.028591 1.006383
-2.168083 0.103011 11.810917
0.531896 -0.053257 20.640269
0.355294 -0.381578 33.772705
0.198709 -0.247408 16.770639
-0.135773 0.012310 3.471885
0.950725 0.180356 7.174321
-1.175754 -0.413143 25.602892
-1.192523 0.082081 9.196150
-0.141905 -0.010102 3.758796
0.426780 0.764853 28.795569
0.123498 0.072801 3.911139
-0.108099 0.156201 6.697093
0.941683 5.120000 30.475311
-0.179708 -0.179808 11.521533
0.744682 0.283965 23.087173
0.037868 0.701192 13.793677
0.149559 -0.117028 6.719581
-3.114501 0.249716 22.222831
-0.379430 -0.010250 17.429947
-0.007408 -0.931113 1.800021
-0.228855 1.884311 14.805929
0.267700 -0.012254 11.211286
0.195344 -1.808264 16.361326
0.099575 -0.345964 17.694606
0.388205 0.470626 37.835127
-3.373222 0.645384 44.896750
-1.934797 -0.424707 23.653034
0.795682 -0.509016 28.045119
0.195771 0.931206 8.483451
0.451775 0.015455 19.795892
-0.435773 0.025429 19.514648
0.336675 0.345834 31.077754
0.058399 -0.730934 12.398447
0.178344 0.277582 17.481541
1.334957 -0.807328 23.997341
0.279933 -1.247684 23.359277
-0.229625 -0.606340 26.993347
-0.233857 -0.035240 9.287511
0.027794 0.081409 1.439424
-0.745420 0.094832 12.575662
Iteration 20:
-0.093719 0.059819 2.394650
-0.437627 0.011124 19.457905
-0.011046 -0.021198 0.113218
-0.247556 0.056557 10.535740
0.127416 0.137128 6.559903
0.122508 1.763225 15.113069
-0.266326 -0.235469 20.238682
-0.177186 -1.235480 16.229642
0.399618 0.559456 37.859021
-0.451056 0.501437 39.985351
0.225115 0.004113 8.496850
0.100144 0.330752 16.893485
0.026458 0.088640 1.657667
0.633187 0.048502 17.562182
0.115530 0.198878 9.416728
0.132801 -0.021083 3.389585
-0.099526 -0.114555 4.395813
-2.576907 0.077967 26.677690
-0.055318 0.370145 17.590156
-0.400297 -0.486193 38.460136
-2.646779 -0.248559 33.017011
0.032366 -0.009122 0.223623
0.604637 -0.846512 23.298520
0.792982 -0.550426 27.766149
-0.207679 0.074667 8.501251
0.275258 0.032510 11.865051
1.202296 0.835690 14.063542
1.575578 0.597916 39.899901
-0.183982 1.180008 13.138837
0.141539 0.117980 6.358536
-0.062553 0.076234 1.897611
-1.813034 0.249318 19.448589
0.275438 0.631288 28.852170
0.532252 -0.318579 34.356990
-1.713878 -0.251248 25.329069
0.940582 -0.117091 4.173666
0.085214 -0.412231 20.094183
0.365504 0.601424 35.169390
-0.077619 0.270090 12.503755
-0.048020 0.066392 1.315972
-0.761899 0.188046 16.073801
0.161884 0.100087 6.691319
0.183094 -0.478203 26.087476
0.435600 -0.312641 33.314967
0.023026 0.809670 7.098640
-2.152522 3.215805 27.093762
1.108017 -0.158400 8.026003
0.306968 0.040263 13.917607
-0.064358 0.057547 1.460571
-0.924609 0.380822 19.425992
Iteration 21:
0.224666 -0.448994 28.157824
0.901255 0.008898 2.691691
-0.357538 -0.353882 32.580754
0.071572 0.075486 2.108899
-0.066290 -0.000392 0.859371
0.061705 0.067065 1.625253
0.969672 0.676183 16.052060
-2.153227 0.575916 28.139225
-0.552700 -0.300001 32.942481
-0.294963 -0.437100 32.294863
0.199080 -1.056760 8.640481
0.310474 -0.393615 31.808182
-0.035544 0.083774 1.610244
0.296894 0.046812 13.423778
0.137282 -0.002529 3.515206
0.290884 -0.383475 30.209700
-0.154664 0.931549 6.164164
-0.114891 -0.189220 8.816596
-0.012397 1.067241 2.048775
0.012694 0.482485 20.204247
-0.633179 0.094883 18.833469
3.015175 0.307749 22.780772
-0.569279 -5.120000 48.316264
0.159786 0.350388 20.676256
-0.002607 -0.031195 0.193800
1.889813 -0.396199 23.978218
-1.732144 -0.178997 19.837212
-1.014288 2.202499 12.979573
-0.491436 -0.460910 40.139371
-0.038266 -0.202524 7.391178
0.024572 0.092313 1.763541
-0.527720 0.105466 22.254759
-0.039425 0.010165 0.327299
-0.026534 -0.014936 0.183580
0.047365 0.134653 3.830511
0.102835 -0.032661 2.237265
0.564504 -0.528386 39.629101
-1.358951 0.694601 32.063507
2.468658 -0.186786 32.067668
0.248290 -0.058543 10.626541
0.653401 0.568421 35.543739
-0.181138 0.039354 6.145539
0.355581 0.310049 30.064529
0.449338 0.009214 19.716373
-1.153540 -3.231604 24.924162
-0.033203 2.273731 16.873323
0.054972 1.454775 22.308965
1.171236 0.009234 6.639342
-0.694303 -0.827787 19.900608
-0.121917 1.151952 8.356965
Iteration 22:
-0.238918 -0.259004 19.993835
0.046352 -0.157100 4.936699
-0.436367 0.140568 23.074808
0.271822 -0.425432 30.544045
-1.091052 -0.710691 15.732630
4.259687 0.048267 29.211904
0.057918 0.013509 0.694417
-0.294250 -0.170158 18.051327
0.094512 -0.165176 6.667358
-0.361356 1.420518 37.366793
-0.146897 -0.805201 11.236219
-0.206129 0.173833 12.745896
1.614348 -0.138665 23.714809
0.557996 -1.618589 39.624643
-0.500765 0.051569 20.773672
-0.474406 0.001499 20.096482
-0.174869 -0.099064 7.368550
0.012067 0.008715 0.043940
1.024784 -0.012707 1.203204
-0.205224 -5.120000 36.190417
0.166642 -0.078980 6.238917
-0.074767 0.003724 1.091644
-0.027125 -1.230459 10.434915
0.160869 0.322174 19.198530
0.992174 -0.001420 0.996896
0.034518 -0.050410 0.735429
-0.000928 -0.000890 0.000328
-0.008796 -0.426572 19.151793
2.777248 -3.845102 35.168118
-1.097729 0.740067 14.203205
-0.019777 0.435941 19.468423
-0.197532 -0.033697 7.026213
0.548136 0.017257 19.905576
0.206193 0.144256 11.179579
0.202298 -0.161285 11.824512
0.032624 0.061756 0.957651
0.714113 -0.609064 30.859163
-1.043822 0.206902 8.834074
0.267039 0.027290 11.287255
0.958724 0.368221 18.152699
-0.102512 0.016886 2.070651
0.151908 -0.024428 4.360800
0.017270 0.044859 0.455730
-0.052930 -1.159844 6.529411
-0.022803 -0.091942 1.734153
1.327278 -0.253915 26.739113
0.148307 0.042231 4.410175
0.194800 -0.254130 16.962755
-0.004834 2.486543 26.151804
-0.185987 1.955142 10.337275
Iteration 23:
0.146279 -4.182983 27.365903
-0.115668 -0.046955 2.974376
1.580532 -0.340767 36.760018
-0.282072 -0.305931 25.617046
-0.196635 -0.018771 6.817947
-0.387138 -0.004694 17.743524
-0.040044 0.150317 4.477333
-0.010100 -0.018814 0.090372
-0.042167 -0.007634 0.362259
0.044942 -0.001354 0.398432
0.498748 0.130494 23.442657
-0.013909 0.032982 0.253406
-0.977472 0.086621 2.507835
0.843202 0.908667 7.611517
-0.092586 -0.080748 2.919684
0.183135 0.262528 16.810089
-1.600435 0.274607 32.250838
3.108904 0.912150 14.233555
0.059435 -0.076112 1.820419
0.015992 0.010658 0.073224
1.056375 0.617729 19.504968
1.354870 -0.219316 26.090373
0.382958 -0.526668 37.699626
-1.049729 -0.039360 1.891926
-0.154354 -0.379547 21.783664
0.311763 -0.977019 14.939826
1.589037 -1.668283 38.695549
0.795000 0.628784 25.138473
-0.125652 0.157934 7.531270
-0.315738 0.442701 33.668561
0.179895 -0.023929 5.881989
0.853770 0.630759 21.869565
-0.218764 -0.530310 28.198272
-0.088934 0.019885 1.607272
-0.774149 -0.461499 29.009606
0.657295 0.629765 33.185836
-0.081735 -0.086952 2.759898
-1.180321 -0.602244 25.522795
1.879999 -0.411149 24.895540
-0.129260 0.243841 12.809964
-0.136217 -0.088813 4.987861
0.807063 -0.113943 9.610402
0.013128 0.003788 0.037016
0.087568 1.299341 16.222570
-0.263857 -0.021113 11.027470
0.602394 -0.240032 27.795414
0.129419 0.174480 8.606158
-0.108197 -0.349951 18.232725
0.009778 0.052059 0.551873
-0.194332 0.034565 6.847060
Iteration 24:
-0.000893 0.041839 0.345457
1.149116 1.365866 23.917208
0.046585 -0.322511 14.931524
-1.345876 -0.001283 17.477976
-0.671213 0.016152 15.252871
0.029516 0.008944 0.188214
-0.032512 0.512873 20.439328
-0.315788 -0.148750 18.197522
0.053610 0.011903 0.592942
-0.052132 0.169223 5.702795
-0.029740 -0.033873 0.401746
-0.074834 -0.402300 19.426925
-0.020288 -0.648136 16.473845
0.123007 -0.055864 3.468902
-0.028510 0.075975 1.284521
-0.069462 -0.022062 1.038624
0.522287 -0.326599 34.910783
-0.054124 0.206480 7.917765
0.587834 0.389776 36.709017
-1.869303 2.328361 26.829136
0.273826 -0.679968 26.288383
-0.734021 0.413293 30.264258
-0.015747 0.112473 2.456652
0.019723 -0.001284 0.077401
0.403850 0.848582 23.307587
-0.049867 -0.039188 0.792487
-0.438190 -0.112250 21.845638
0.172222 -1.005441 6.351671
-0.026358 0.057307 0.782075
-0.009781 -0.196903 6.783133
0.175954 -0.023580 5.654675
0.034562 0.383247 17.810771
0.008544 0.155699 4.454272
1.117332 0.240294 13.293279
-1.217040 0.004366 9.428833
-1.289980 -0.993226 15.145313
0.570866 0.671782 34.521251
0.279614 -0.130670 15.130511
0.104347 -0.644915 18.633448
-2.220233 0.667941 28.446626
0.583287 -0.531992 39.083597
-0.122453 0.002737 2.833180
-1.186821 0.337688 22.891371
0.184058 1.825355 14.780308
0.096128 -0.508648 22.022456
-0.535975 1.161566 26.107202
0.077401 0.801974 8.600681
-0.002375 -0.008151 0.014298
0.251873 -0.063372 10.967456
-0.309888 0.018414 13.837904
Iteration 25:
-0.138848 0.015933 3.639752
-0.311400 0.086118 15.295804
0.220688 0.041699 8.560395
0.289990 -0.117133 15.172327
-0.152174 1.228699 14.431681
-0.092602 -0.016243 1.706337
-0.429763 0.027803 19.379589
-0.011327 -0.000835 0.025579
0.027223 2.603900 24.870692
0.355867 0.620449 33.953974
0.712584 -0.613516 30.775958
-0.066214 0.031433 1.052773
-0.384152 -0.756690 27.765719
-0.519189 1.112471 23.829312
-0.314192 0.410189 32.641444
-0.271202 -0.043646 11.777362
-2.497862 0.747904 36.929477
-0.059491 -0.211000 8.312590
0.701974 0.864275 17.632858
-0.081284 1.056259 3.016651
0.356417 0.022929 16.430340
-1.623275 -1.161055 25.828162
-0.005615 -0.004682 0.010602
0.119596 -0.018252 2.773299
0.091117 -0.245143 11.357813
0.051001 -0.029753 0.686769
0.117969 -1.564230 24.280949
-1.268415 -0.744922 23.637286
0.762537 -1.065117 11.754420
2.029702 -0.149084 8.391260
0.014751 -0.003782 0.045973
-0.074216 0.057118 1.713559
-0.039449 -0.117658 2.931406
0.039259 0.034794 0.543452
0.111306 0.279687 14.292525
-1.476800 -0.074534 23.157107
-0.016161 -0.056285 0.673787
-1.710969 0.298795 28.462626
-0.090160 0.023231 1.677109
0.202689 -0.068707 8.034214
0.064116 0.338541 16.199892
0.068295 0.014951 0.955625
-0.322220 -0.126977 17.520837
-0.002980 0.040351 0.323064
-0.246712 2.930125 19.388301
0.165593 0.106028 7.118570
0.004205 -0.025970 0.137015
0.119853 -1.117385 6.565735
-0.012771 -0.013167 0.066718
-0.646999 0.144572 20.318519
Iteration 26:
-0.093821 1.191405 9.517005
-0.018771 -0.033273 0.288666
-0.059846 0.000271 0.702267
-0.308308 -1.053263 15.341378
0.014554 -2.140798 8.289469
0.455043 0.375385 37.039836
-0.068874 -0.248451 10.891009
-0.013741 0.003334 0.039644
1.390069 0.092453 21.289055
0.080960 0.016471 1.326468
0.462883 0.061454 20.683575
0.268631 0.097724 13.076299
0.033782 -0.082408 1.543181
0.053939 1.126766 4.849171
0.183995 -0.124842 8.941996
1.568515 -0.014266 21.588182
0.193402 -0.010706 6.578481
-0.119036 -0.095484 4.438578
-1.432104 0.217317 29.162823
0.227383 0.170676 13.884262
-0.152759 1.707558 19.837557
0.030457 -0.448268 19.860806
-0.018163 -0.000606 0.065451
0.045780 -0.108680 2.667014
-0.042502 1.280796 13.919619
-0.093021 0.002557 1.669896
0.088985 0.001449 1.531040
-0.324594 -0.278991 26.511854
1.290918 -2.493212 40.416207
-0.000405 -0.034965 0.241605
0.139623 0.254234 13.957699
0.496690 -0.004679 20.248882
1.453764 0.499194 41.943470
-0.142634 -0.345743 19.553430
-0.089905 -0.299513 14.712396
1.725675 0.169323 19.674343
-0.041057 -0.115929 2.883648
-0.008643 -0.037078 0.286341
0.180432 -0.014230 5.839486
-1.284783 -0.832510 19.556741
0.265198 0.003410 11.026133
-0.166750 0.138322 8.596340
0.441536 -0.072212 20.544822
-0.118428 0.016778 2.712857
-0.463743 0.018721 20.026143
-0.057259 0.071402 1.638184
0.095289 0.463183 21.696648
-0.151538 -0.104923 6.330073
0.038486 -0.012716 0.324487
0.754780 -0.982249 11.296326
Iteration 27:
3.941341 0.568954 35.605479
0.008749 0.142064 3.761582
0.895581 -0.176550 8.456433
0.029517 -0.015500 0.219985
0.013996 0.007383 0.049650
2.688872 -0.119516 23.680903
-0.021541 0.011901 0.120001
0.001169 -0.060229 0.711430
0.970871 -1.298278 15.782214
0.043031 -0.023398 0.473548
0.021649 -0.033531 0.315080
0.003610 0.160535 4.698503
1.302827 -0.602049 33.332270
0.103894 -0.002375 2.067966
-0.322811 -0.019995 14.600343
-0.147500 0.008574 4.032149
0.005571 0.049891 0.495960
-0.166542 -0.879820 8.513097
-1.530892 -0.427197 41.310229
-0.240725 -0.016276 9.528019
-0.493765 -0.014950 20.280444
-0.005850 -0.032704 0.218235
1.530697 -0.157590 26.696959
-0.130909 -0.056466 3.839403
0.260165 -0.866096 14.791427
0.235605 0.803845 16.479436
0.184630 0.690717 20.157690
1.021029 0.623378 18.661032
-0.077460 -0.614725 19.057573
-0.148193 -0.616239 21.881799
0.077582 0.286248 13.510637
0.015745 0.026793 0.191224
1.241380 -0.008626 11.014439
-0.292897 -0.154557 17.128595
0.054337 -0.016168 0.631941
0.024531 -0.006559 0.127688
-0.079692 -0.005402 1.239767
-0.095196 -0.152089 5.997141
0.121944 0.794467 10.682740
-0.173964 -0.329008 20.303519
0.275403 -0.136451 15.139379
-0.189347 0.119573 9.022760
0.070338 -3.727903 26.246930
-0.055477 -0.046717 1.034366
0.084062 -0.058254 2.035625
1.321140 0.374588 33.260957
-0.452442 -0.168206 24.873852
-0.012276 -0.000560 0.029943
0.278108 0.676149 26.766903
-0.036954 -0.376625 17.554455
Iteration 28:
0.013255 -0.001918 0.035564
0.004070 0.037694 0.283861
-0.234648 -0.168529 14.222010
0.000852 0.011558 0.026634
0.073289 -0.539666 21.029280
0.059535 0.392300 18.645408
-0.041349 0.016278 0.389833
-0.384088 -0.037758 17.892160
-0.035087 0.058171 0.907182
-0.108124 -0.049203 2.708444
2.927037 0.091685 11.222432
0.000852 0.005504 0.006153
-0.562621 -0.019154 19.625115
-0.008198 0.013016 0.046922
0.126598 0.150452 7.184093
-0.319407 0.064632 15.143514
-0.445902 -0.633417 36.715307
-0.811561 -0.091994 8.519356
-0.010251 0.061617 0.764762
-0.267926 -0.049730 11.682386
0.370855 0.764929 26.670558
0.049796 -0.077595 1.659125
0.007045 2.137876 8.103867
-0.025324 0.705991 13.355475
0.024492 0.016605 0.173429
-0.009455 0.004570 0.021874
0.577288 0.037377 19.453046
-0.609378 0.297816 31.149370
-0.059925 0.167760 5.791809
-0.026083 0.234055 9.189251
0.049179 -1.175993 7.374781
-0.125514 0.059270 3.656526
-0.113465 -0.039410 2.754884
0.325471 -1.534857 36.789088
0.064159 0.306029 14.347512
0.007710 -0.001138 0.012046
0.531139 1.116179 23.885273
1.026438 0.025044 1.315409
-0.201740 -0.112976 9.482851
-0.355275 -0.041720 16.612292
-0.041748 -0.583640 19.335044
-0.020123 0.060680 0.801957
-0.128386 0.005592 3.103650
0.176417 -0.800419 13.096201
-1.375529 0.672790 34.102433
1.403186 -0.697673 33.890801
0.427998 0.024524 19.296255
1.284934 -1.327930 30.294959
-0.037666 -0.035585 0.530349
-0.646614 2.320893 36.161808
Iteration 29:
-0.053845 0.023141 0.675817
-0.030262 0.009270 0.198187
-0.014648 -0.002946 0.044257
-0.026154 0.053492 0.697790
0.272008 -0.599285 29.928052
-2.750576 0.678946 32.308051
0.064521 0.810477 7.762473
-0.510203 2.461755 46.012666
-0.036659 0.028970 0.431484
-0.047286 4.037614 17.020658
-0.449115 0.447943 39.365436
-0.138302 -0.018425 3.630314
-1.186841 -0.174990 13.033702
0.026220 0.095451 1.890355
-0.026941 -0.245118 9.897005
1.176710 -0.038317 7.230604
0.080824 0.150051 5.415784
0.013699 -0.001360 0.037574
-1.071948 0.144055 5.998494
-0.013343 0.226919 8.641641
-0.078438 -0.019892 1.274619
0.428843 0.347896 35.092391
0.097789 -0.714220 14.577845
0.094163 0.069209 2.644083
-0.117208 1.280070 16.121822
2.266891 -1.244511 27.402063
0.296676 0.027691 13.130620
-0.014778 -0.006786 0.052429
-3.387721 0.162042 33.866510
-0.070491 -0.021707 1.063210
-0.213559 2.098712 14.043042
-0.010815 0.095031 1.762534
-0.887577 -0.034924 3.421612
0.421363 0.605277 37.238783
-0.023481 -0.069873 1.062411
0.162097 0.025785 4.911350
-0.664729 0.003261 15.549056
-0.000627 0.046851 0.432423
-0.219935 -0.238065 17.478072
-0.215204 -0.007657 7.888994
0.725044 0.380337 29.536132
0.001822 0.048273 0.459450
-0.003865 0.044270 0.389290
-0.147932 -0.005435 4.045261
0.112953 -0.428994 21.632434
-0.578572 0.001688 19.141262
-0.004832 0.013101 0.038664
-0.548875 0.520580 40.020956
0.173386 0.034762 5.638819
-0.019003 0.082785 1.400980
Iteration 30:
1.316227 -2.423568 40.517121
0.325065 0.210519 22.238212
-0.145407 -0.257730 14.464264
-0.437473 0.424434 38.503527
-0.032022 1.950527 4.486560
0.115486 -0.018822 2.602666
-0.027161 -0.015083 0.191102
-0.003694 0.106435 2.168058
-0.066243 -0.156727 5.351931
0.084169 0.086426 2.819200
0.463658 0.042891 20.318181
-0.024928 0.000450 0.123068
-1.979176 0.164142 8.892833
0.009950 -0.000842 0.019776
0.299902 0.036448 13.436660
-0.232072 0.806906 16.081058
-0.086445 -0.011054 1.470847
0.019803 -0.055076 0.673542
0.179315 0.011647 5.762333
0.060860 0.006124 0.733410
-0.064349 -0.138474 4.381795
0.087652 -0.263742 12.418203
0.023238 0.029885 0.283608
0.642839 0.254788 27.014746
-0.039692 0.033701 0.535438
-0.062805 -0.037240 1.046373
-0.067899 -0.705792 14.141131
0.082533 0.010820 1.344737
0.072919 0.038983 1.336646
-0.011275 0.017617 0.086721
0.183945 1.197775 14.213450
-0.058138 0.079757 1.899115
0.007198 -0.000798 0.010403
0.096933 1.022316 2.950740
0.157113 0.001685 4.514736
0.000541 -0.003023 0.001871
-0.051605 0.038353 0.814165
-0.011378 1.977143 4.037717
-0.323353 2.582447 39.908988
1.794892 0.279517 22.360358
-0.071478 0.071358 1.990263
-0.383882 0.815208 24.282910
-1.214470 0.009093 9.277444
-0.086974 -0.018708 1.533302
-0.941509 -0.370419 18.556034
0.113738 1.309067 17.799957
-0.153728 0.057091 4.976670
-0.004433 0.001504 0.004347
-0.007509 -0.011701 0.038334
-0.058320 -0.063378 1.453788
Iteration 31:
-0.020798 0.077977 1.268184
0.017037 -1.879825 6.309120
1.567711 0.393558 39.566879
0.107139 0.044980 2.591774
0.020684 -0.031408 0.279836
-0.002006 0.121361 2.784658
0.860807 0.133958 7.683621
0.023045 -0.008147 0.118344
-0.236387 -0.157598 13.741337
0.011066 -0.025674 0.154776
-0.088483 -0.028621 1.675943
0.031841 -0.028770 0.364240
-0.115111 -0.024516 2.635755
-0.087765 0.372289 18.578203
-0.191287 0.048548 6.894673
0.049244 -0.020841 0.563344
0.366995 -0.022685 16.943216
-0.061331 -0.523475 20.902567
-0.014169 -0.001414 0.040202
-0.000265 -0.036422 0.262056
0.389251 0.053718 18.393659
-0.967015 -0.143938 4.988179
0.469988 -0.123301 22.912675
0.328828 -0.027341 15.008940
0.024411 -0.476357 20.234766
-0.371319 -0.930368 18.851022
0.067321 0.049285 1.363949
0.043862 0.017076 0.437081
0.043432 0.070194 1.333792
-0.005195 -0.000692 0.005449
-0.484386 0.272613 31.676922
-0.102815 0.423106 21.060024
0.089017 0.006802 1.540891
0.346140 1.998297 19.793531
-0.068241 -0.124681 3.840186
-0.021873 0.004463 0.098716
0.003913 0.016469 0.056800
0.394685 -0.136158 21.505329
-0.043262 0.042238 0.720928
0.000726 -0.035872 0.254316
-0.337490 -0.010206 15.359018
0.406050 1.014040 19.539755
-0.020980 1.567748 21.652633
-0.155440 0.555252 24.137951
1.436658 -1.450669 42.910334
0.065688 0.881516 4.266512
0.119771 0.019214 2.787986
0.429602 1.240992 30.196510
2.160227 0.495970 29.563120
-0.238167 -0.789958 17.453590
Iteration 32:
-0.001279 -0.000687 0.000418
1.895298 0.008080 5.692100
-0.009574 -0.001381 0.018558
-0.013196 -0.020909 0.121138
0.000504 -0.001131 0.000304
-0.086775 0.029379 1.628182
-0.092846 -0.014301 1.703058
0.338246 -0.042829 15.741058
0.013328 -0.034925 0.276240
-0.013611 0.258859 10.660109
-0.001942 0.008618 0.015480
0.012958 -0.011868 0.061224
-0.088362 -0.035740 1.762192
0.004608 -0.004064 0.007489
-0.053657 -0.034783 0.804895
-0.172917 -0.129981 8.544356
-0.159108 -0.373551 21.765754
1.771438 0.843133 16.982538
-0.045111 -0.488724 20.614803
-0.339801 0.018570 15.531524
0.028787 -0.048506 0.627162
-0.011068 0.049360 0.503808
0.140736 0.146226 7.634598
0.114054 -0.018418 2.539925
1.237490 0.920059 12.827847
-0.001849 -0.911532 2.337103
-0.288396 -0.117495 15.089583
0.152460 -0.009154 4.287756
1.077026 -0.229115 11.052424
-0.007980 0.007512 0.023826
0.272111 1.373771 30.362382
0.002666 -1.219576 9.588796
-1.299770 -0.211965 22.443659
1.225347 0.812980 16.764937
-1.068672 -0.523460 22.224154
0.024881 0.008636 0.137364
0.025860 0.275699 11.816108
0.282004 -2.434750 37.176163
1.320754 0.013354 16.080370
0.002467 -0.005660 0.007563
-0.118111 -0.017262 2.702580
0.564275 0.367889 36.397459
0.030689 -0.061827 0.935211
-0.492780 -0.652430 36.411842
0.060880 0.018234 0.792328
-0.044498 -0.267568 11.563483
-0.020820 0.008891 0.101551
-0.006328 0.589404 18.818638
-0.023836 -0.178765 5.816599
0.035900 0.145720 4.182601
Iteration 33:
-0.027058 3.495471 32.359172
0.361671 0.824979 22.727475
-0.044633 0.006098 0.400020
0.007892 0.001530 0.012817
-0.701345 -0.122014 16.313939
-0.000438 0.023271 0.107287
-0.577963 -1.103805 22.429061
-0.079359 -0.027076 1.368984
-0.065916 -0.063443 1.637881
0.113892 -0.490577 22.689166
-0.040931 -0.038973 0.630399
-0.012463 0.611699 18.041606
-0.289780 -0.801294 20.032181
0.158806 0.850280 9.434669
-0.020140 -0.019547 0.156079
0.031349 -0.046020 0.611601
-0.006085 0.024408 0.125309
-0.007603 -0.021854 0.106068
-0.016168 -0.073507 1.104953
0.015390 0.071830 1.053391
-0.073950 0.000141 1.065651
-0.016012 0.002897 0.052485
0.003910 -0.733890 11.552116
-0.004859 -0.001102 0.004924
-0.168094 0.777854 13.969940
0.012695 -0.036252 0.291561
-0.023683 -0.104143 2.187485
0.014037 -0.005141 0.044306
0.147126 0.054325 4.578528
0.215505 0.039271 8.200428
-0.000757 -0.004039 0.003350
-0.222156 -0.000312 8.308814
-0.055466 -0.612509 18.583083
-0.030728 -3.151888 14.339699
0.682048 1.099757 17.716547
-0.957425 -0.007352 1.283054
-0.616976 -0.066118 18.654015
0.012150 -1.434131 21.241720
-0.054098 0.011966 0.603469
0.019411 -0.178410 5.758500
-0.120766 -0.004127 2.761330
1.849733 0.093075 9.227705
-0.404600 -0.170113 23.638003
1.204606 -0.115440 11.167899
-0.149999 1.003036 5.152501
0.015846 0.049663 0.535160
-0.312013 -0.006331 13.903832
0.483771 0.376041 37.440646
0.001384 0.017736 0.062726
-0.505265 -0.040753 20.577533
Iteration 34:
0.000011 -0.002865 0.001629
-1.289682 -0.230600 22.968017
0.048536 0.032283 0.669831
-0.055255 -0.428982 19.804573
-0.013209 0.000139 0.034601
0.062196 0.002717 0.759234
-0.241937 0.968659 10.683672
-0.914143 0.189745 8.595619
0.003120 0.017054 0.059579
0.006294 -0.000757 0.007971
-0.640192 1.002315 17.780488
0.228304 -0.032770 8.905418
0.010849 -0.004519 0.027393
-0.008396 0.011571 0.040533
0.193452 0.068940 7.487027
0.094538 -0.716729 14.310876
0.879740 0.056112 4.113700
0.343472 0.197452 22.456050
0.002156 3.220792 18.549499
0.085234 0.407893 19.945294
-0.318833 1.681798 31.276736
0.010764 -0.027298 0.170457
-0.018098 -0.026864 0.207748
-0.022689 0.319637 14.441266
-0.040571 0.010577 0.346988
-0.212738 0.729908 19.517225
-0.526279 -0.263130 31.034219
-0.035456 0.000644 0.248467
0.372886 -1.383097 36.450015
-0.019929 0.041873 0.424541
-0.045985 -0.036531 0.680216
-0.000389 -0.021632 0.092725
0.008714 0.024155 0.130594
-0.778014 0.012404 8.884706
0.016675 -0.003337 0.057326
0.217718 0.001650 8.033491
-1.699834 0.023064 16.094889
-0.006064 1.301358 14.872010
0.055004 0.109534 2.882527
0.086202 -0.034324 1.671525
0.016199 -0.044836 0.448213
0.070766 0.769953 10.319730
-0.043742 -0.017264 0.436300
-0.119456 -0.790377 10.816069
0.010654 0.237797 9.313065
-0.110857 0.002038 2.342410
-0.581771 -0.024478 19.166006
-0.106821 -0.018416 2.247691
0.037954 0.070749 1.261324
0.015920 0.547394 19.909767
Iteration 35:
-0.845053 0.049972 5.581918
0.040036 0.001323 0.316685
0.019723 -0.028316 0.235728
0.141577 -0.022388 3.821732
-0.011118 0.003706 0.027238
0.421565 -0.002929 18.989431
-0.102367 0.046819 2.440396
0.040695 0.914423 2.574039
0.005206 -0.666728 15.446582
-0.014170 0.001196 0.040091
0.460687 0.069594 20.854460
-0.018246 -0.071237 1.056148
-0.028782 -0.194139 6.763373
0.075258 -0.013777 1.140601
0.255546 0.027114 10.559206
-0.000171 -0.025516 0.128900
0.040871 -0.008636 0.344392
-0.004586 -0.078009 1.187613
-0.002790 0.059958 0.706412
0.472716 -0.000127 20.076885
0.023680 -0.002002 0.111840
-0.051603 -0.122345 3.350656
0.000777 0.162138 4.782054
0.100454 -0.014282 1.977145
0.029631 0.608501 18.308783
-0.098661 0.669998 17.136904
-0.023674 0.050790 0.618459
0.024887 0.105392 2.247314
0.029553 0.007930 0.185256
0.026898 0.255644 10.563105
0.541603 0.114360 22.439068
-0.008856 0.778673 8.830018
-0.186162 -0.065162 6.961051
0.103567 0.035808 2.307642
-0.286095 -0.203804 19.509932
0.468019 0.100137 21.942753
0.028382 -0.020258 0.240697
0.005777 -0.000789 0.006744
0.010760 -0.007855 0.035202
-1.098826 0.201626 10.121901
1.408851 0.528765 40.505933
-0.930791 -0.735925 13.221849
0.054680 0.006238 0.595112
-0.063133 2.799688 15.547209
-0.116436 0.286402 14.921736
0.188998 0.349351 22.262843
0.001181 0.151820 4.238378
0.055269 0.029042 0.766859
-0.000966 -0.016926 0.056969
-0.306715 0.373016 30.704143
Iteration 36:
-0.013761 0.436217 19.435479
-0.153980 -0.035246 4.595429
0.010902 0.008627 0.038331
-0.171939 -0.015365 5.365923
0.409330 -0.734187 30.119159
-0.000578 0.003844 0.002997
0.978775 0.012083 1.075743
-0.022387 0.339168 15.528361
-0.014479 0.004763 0.046062
-0.024609 -0.501749 20.371058
-0.005702 -0.001201 0.006735
1.248146 0.385884 29.128041
0.013504 -0.089943 1.599045
-0.003753 0.244932 9.744378
-0.032275 -0.072286 1.225011
-0.032344 -0.189774 6.548405
0.127624 0.845124 8.149721
-0.002130 -0.056804 0.634312
0.006905 -0.000063 0.009457
-0.011559 0.024604 0.146360
0.038301 -0.004271 0.293255
0.186493 -0.019991 6.228775
0.043823 0.003007 0.380405
1.801206 -0.004985 10.087144
0.180825 -0.168668 10.959566
0.219569 -0.057480 8.796245
-0.008187 -1.001630 1.017082
-0.001333 0.114294 2.483056
0.040772 0.016331 0.380868
0.445645 0.457223 39.471081
-0.013057 -0.001007 0.034003
0.133450 0.138114 6.885901
-1.384317 -0.214596 27.228881
-0.000627 -0.019072 0.072155
-0.798325 -0.123462 10.523592
0.023956 0.791024 8.190212
0.075731 0.008231 1.130065
-0.136971 -0.111460 5.865162
-0.008669 -1.321044 16.077108
-0.504637 -0.023992 20.364396
-0.002765 0.064905 0.825820
-0.095761 -0.051365 2.284250
0.007963 0.025799 0.144338
1.306109 0.001446 15.159203
-0.774943 -1.076969 11.346358
0.059849 -0.010973 0.726198
0.041919 0.000979 0.346812
0.138737 0.130354 6.771795
0.016115 0.018955 0.122675
0.262248 0.091823 12.464671
Iteration 37:
-0.049353 -0.016713 0.534761
-0.007370 -0.001057 0.010996
-0.116976 0.206984 9.968130
0.261865 0.506740 31.061186
-0.037543 -0.507119 20.525512
0.145315 1.284687 17.720365
0.012375 -0.004346 0.034115
-0.000405 0.012655 0.031786
-0.001907 -0.283187 12.151017
-0.004873 0.031369 0.199300
0.003950 0.005245 0.008552
-0.011626 -1.819221 9.122937
-0.104587 0.022801 2.196473
-0.000885 -0.002595 0.001491
0.893664 0.045513 3.356987
-0.087498 0.015242 1.527241
-0.070190 0.016278 1.014259
0.002076 -0.589902 18.795404
-0.126476 -0.081860 4.311342
-0.006375 -0.431496 19.282142
0.285577 -0.089804 13.856569
0.239106 -0.302034 22.675928
-0.204136 -0.108301 9.438645
-0.000324 0.015955 0.050485
-0.040857 0.005178 0.334683
-0.007931 0.008147 0.025643
-0.015562 0.031470 0.243846
-0.994711 -0.001188 0.995251
-0.004177 -0.007551 0.014770
0.212284 0.675918 22.642722
-0.171035 -0.020351 5.350876
-0.088437 -0.354718 17.753226
-0.000196 -1.209862 8.968449
-0.477116 -0.174109 25.565035
-0.005588 -0.014734 0.049233
-0.008111 0.026123 0.148131
2.393678 -0.208777 31.062391
0.178491 0.324378 20.298766
-0.071222 0.021605 1.082208
0.115564 -0.979860 3.575827
0.016194 0.604490 18.338525
0.013619 0.041700 0.379800
0.079540 -0.069115 2.162323
-0.016719 -0.093090 1.726402
-0.001362 -0.010788 0.023446
0.102450 0.010785 2.034841
0.003298 0.052055 0.535002
-0.025423 -0.003554 0.130461
-0.029698 -0.004045 0.177716
0.089368 -2.593008 26.607696
Iteration 38:
-0.000276 -0.004603 0.004217
0.001836 0.006129 0.008120
0.275143 -0.042742 12.009198
-0.074920 0.012895 1.126237
-0.032672 0.000350 0.211066
-0.198570 0.534148 26.919954
-0.016241 -0.000060 0.052287
-0.002080 -0.009491 0.018724
0.578337 0.001795 19.148045
0.238881 0.736643 20.739938
-1.624956 0.195152 26.373207
0.017256 -0.036462 0.321636
-0.053142 -0.003728 0.557881
-0.201985 -0.011455 7.095485
0.111745 -1.391309 22.070752
0.008084 -0.001918 0.013692
0.118093 -0.015517 2.690510
0.433163 -0.061150 20.051530
-0.166922 0.946330 6.500501
-0.008610 -0.042764 0.375351
-0.035733 -0.009710 0.270958
-0.054692 0.005311 0.593233
-0.000901 -0.092623 1.654896
0.215084 0.050106 8.364002
-0.270473 0.074277 12.430878
0.023821 0.008167 0.125597
-0.006098 -0.201253 7.032659
0.031095 0.028842 0.355803
-0.944009 -0.445171 21.114244
0.098259 0.036359 2.116814
-0.000287 -0.004069 0.003301
-0.822262 0.298968 19.407983
0.000607 -0.000737 0.000181
0.063840 0.041461 1.136940
-0.139216 -1.474378 25.651750
-0.013532 0.059983 0.741736
-0.970496 0.015411 1.160277
-0.061430 0.171335 6.024933
-0.160797 1.579090 25.993914
0.003442 -0.249315 10.021448
-0.011299 -0.206403 7.362769
0.043124 0.004221 0.370240
1.074289 -2.422780 26.939584
-0.046294 -0.402108 18.751224
-0.015844 0.022185 0.147246
0.424536 0.144771 22.957548
-0.831282 -0.313039 19.759139
0.030203 0.177540 5.814806
0.030972 0.000520 0.189765
-0.078186 0.000240 1.188716
Iteration 39:
-0.001102 0.006704 0.009157
0.035873 0.014940 0.298480
0.000369 -0.112129 2.393417
0.416565 -0.001979 18.831346
0.053131 0.006795 0.564037
0.006191 -0.000514 0.007655
-0.017341 -0.002864 0.061224
0.048572 0.278279 12.309409
-0.005762 -0.232550 8.966465
-0.020022 -0.024194 0.195332
0.015929 0.232068 8.979834
-0.262742 0.017691 10.930827
0.039346 0.091757 1.930393
0.182880 -0.381090 23.421675
-0.003842 -0.038013 0.288256
0.001019 0.000442 0.000245
-0.007089 0.077802 1.187272
0.000145 -0.010522 0.021962
0.001266 -0.016360 0.053371
0.348782 1.054516 17.630371
0.083592 -0.008128 1.367962
-0.019831 0.406082 18.551644
0.014962 0.317145 14.239758
-0.594113 0.069103 19.587635
0.005949 -0.015958 0.057500
0.005633 0.028667 0.168894
0.034410 -0.017751 0.296443
-0.160475 -0.571432 24.028837
-0.040184 -0.021453 0.409841
-0.012453 -0.005690 0.037172
0.007221 0.000833 0.010481
0.127239 -0.010470 3.067029
-0.007546 0.238227 9.328985
-1.306705 0.005253 15.200939
0.049047 -0.003429 0.475833
-0.156569 0.391648 22.409637
-0.006565 0.001494 0.008992
0.002657 0.219350 8.135586
0.571511 -0.022154 19.431270
0.036693 -0.546653 20.138200
0.002167 -0.031914 0.202318
-0.379449 0.322780 31.929297
-0.047265 0.007268 0.450445
0.032360 2.176990 10.518175
-0.030922 0.013576 0.225643
-1.086550 -0.195469 9.301744
0.009175 1.153675 5.658155
-0.943153 -0.318444 15.791236
0.098936 0.075900 3.001991
-0.010519 -0.006866 0.031295
Iteration 40:
-0.025174 0.044946 0.523602
0.002344 -0.002981 0.002853
0.006070 0.214361 7.832668
0.000314 0.001133 0.000274
-0.032582 0.000294 0.209899
0.003994 -0.253067 10.259922
-0.076629 -0.020667 1.227348
-1.185424 -0.040069 7.775052
-0.315540 -0.060193 14.812511
0.003197 -0.002138 0.002935
-0.010242 1.520207 22.251340
0.010638 -0.041883 0.368467
0.003885 0.017391 0.062940
0.001043 0.002402 0.001360
0.094469 0.462366 21.654925
0.011121 -0.004812 0.029119
0.029064 -0.004674 0.171460
0.053004 0.026891 0.695390
0.242124 0.856111 14.112859
0.128459 0.217902 11.145085
0.080724 -0.001713 1.266046
0.001426 -0.010352 0.021658
0.052073 -0.003727 0.535961
-0.141728 -0.005917 3.736814
0.000826 -0.006345 0.008122
-0.018116 -0.149422 4.180174
0.010445 -0.050307 0.519589
0.143342 -0.031517 4.005950
-0.099455 0.019975 1.978710
0.110107 0.806656 9.476870
0.034229 0.030109 0.410877
-0.000501 0.132489 3.286974
0.060308 0.006748 0.722048
-0.006557 -1.173840 6.781693
-0.004140 0.337587 15.346995
-0.004840 -0.000916 0.004814
0.001120 -0.007568 0.011610
-0.002761 0.030448 0.184881
0.044092 0.005667 0.389620
0.791925 0.000100 8.023298
-0.663657 -0.760665 25.512313
0.155962 0.410354 23.077164
0.720531 -0.013464 12.396153
0.154525 0.494515 24.616983
1.102575 0.501624 23.472769
2.218936 -0.168636 18.120235
0.044855 -0.007151 0.406685
-0.147886 0.563355 23.572551
0.127518 0.001840 3.058600
0.000219 0.003631 0.002625
Iteration 41:
0.006133 -0.552014 19.782881
-0.004276 -0.001342 0.003985
-0.132598 0.013406 3.327632
-0.023656 0.031358 0.305271
-0.023941 -0.020999 0.200854
-0.034593 -0.007511 0.247678
-0.007771 -0.000967 0.012163
-0.051478 -0.000090 0.521189
0.003090 0.045226 0.404970
0.002021 -0.000535 0.000867
0.003425 -0.575680 19.224330
-1.487282 -0.200597 29.165883
-0.008133 -0.041149 0.347182
-0.009058 0.806521 7.189633
0.002429 0.037817 0.283566
-0.001710 -0.084917 1.397705
-0.075654 0.003789 1.117237
0.213439 -0.133474 11.101580
-0.011832 -0.014613 0.070094
0.001688 -0.004412 0.004427
0.166382 0.430646 24.263141
0.910685 0.012314 2.393143
0.016022 0.012198 0.080387
-0.007753 0.002638 0.013304
1.053250 -0.175603 7.188557
-0.001959 0.009550 0.018850
-0.363999 -0.010558 16.720401
0.011246 -0.000963 0.025263
-0.338383 -0.663073 31.020656
0.042209 0.062613 1.119232
-0.001868 0.091374 1.612329
0.000519 0.013340 0.035339
0.060999 0.000200 0.729262
-0.626634 0.026199 17.526656
0.065430 0.318876 15.132975
-0.179564 -0.110883 8.092336
0.053321 -0.004258 0.562429
0.051200 -0.010296 0.536647
-0.007556 -0.346838 15.847580
-0.017615 -0.013520 0.097735
-0.085903 -0.096785 3.231100
0.061143 -0.123514 3.611127
0.001496 0.007232 0.010817
-0.067946 -0.117702 3.528244
-0.104053 0.004517 2.077003
0.623720 0.161023 22.238791
0.095255 0.692928 15.737003
-0.001285 -1.450567 21.625990
1.095585 0.127252 5.996108
0.015432 0.014868 0.091037
Iteration 42:
-0.004799 0.034592 0.241043
-0.028163 0.006539 0.165434
-0.052491 -0.002454 0.542912
-0.005221 0.050729 0.511673
0.009314 -0.019123 0.089667
0.000699 0.001745 0.000701
-0.024532 0.056726 0.750855
0.009325 -0.005403 0.023036
0.000841 0.002218 0.001116
0.015754 -0.004281 0.052837
-0.021523 -0.127454 3.146808
-0.156854 -0.058733 5.177180
0.000552 -0.006222 0.007740
-0.491548 -0.003147 20.229487
-0.005385 -0.000696 0.005849
0.000866 -0.165485 4.963375
0.060104 -1.686907 17.415113
0.084193 0.021125 1.462383
-0.839326 -0.056849 6.016391
0.010397 0.021493 0.112947
1.423155 0.019890 20.960608
-0.007832 -0.027200 0.158592
-0.013880 -0.134870 3.437125
0.013147 -0.019642 0.110716
0.102856 0.376398 19.301758
-0.040302 -0.006120 0.327966
-1.012027 -0.259849 11.738698
0.166124 0.350807 21.039924
-0.018960 0.002307 0.072288
0.001810 -0.347252 15.858531
0.007873 -0.011396 0.038047
0.052745 0.009501 0.564835
-0.006753 -0.000634 0.009126
0.753246 -0.012036 10.392184
0.001801 0.000083 0.000645
-0.003004 0.627399 17.359108
0.015967 0.010343 0.071755
0.009685 0.021012 0.106070
0.022536 -0.003548 0.103091
0.002777 0.090132 1.570824
-0.036238 1.947936 4.584169
0.363658 0.035325 16.928424
-1.535522 0.157339 26.635878
-0.079057 -1.546539 23.182096
-0.044081 0.628372 17.697568
0.066346 -1.032489 2.134428
-0.427833 -0.445583 38.792201
-0.084797 -0.006082 1.400627
0.028575 0.018273 0.227729
0.016964 -0.009558 0.075156
Iteration 43:
0.002004 0.215280 7.882878
0.014112 0.005278 0.045012
-0.007779 -0.021727 0.105513
-0.005932 1.062813 1.905311
0.102692 0.173057 7.402520
0.750241 -0.105968 12.694815
-0.008430 -0.008213 0.027476
0.075921 0.022195 1.219682
0.015443 0.019793 0.124899
-0.019930 0.006516 0.087124
0.008193 -0.000371 0.013341
0.027038 -0.001879 0.145389
0.004301 -0.000570 0.003734
-0.104264 -0.172793 7.447934
0.017701 -0.002618 0.063459
-0.059650 -1.299000 15.415460
0.002540 -0.054480 0.584431
-0.042507 0.001436 0.356753
-0.013995 0.012459 0.069611
-0.048152 0.205048 7.711562
-0.199922 1.668390 24.634611
0.028336 -0.003018 0.160683
-0.709921 -0.383038 30.561416
-0.000006 -0.004107 0.003346
0.001533 -0.174529 5.464653
0.023589 0.119139 2.797755
0.087838 0.020868 1.578707
-0.123931 0.802066 10.326875
-0.030693 -0.002064 0.187162
-0.142844 -0.003251 3.786942
0.058304 -0.002123 0.667823
0.001787 0.002492 0.001865
0.096726 -0.010490 1.821798
0.000698 -0.002006 0.000895
-0.008558 -0.075240 1.116990
0.002688 -0.004602 0.005635
-0.078793 -0.565268 20.697225
-0.022968 0.065929 0.954611
0.219323 0.003832 8.135465
-0.422509 -0.099112 20.903407
-0.002630 0.001456 0.001793
0.447970 0.755229 29.912921
-0.589092 -0.007422 18.831682
1.459330 -0.010150 21.825351
1.172601 -0.003536 6.703797
-0.050152 -0.001375 0.495284
-0.255272 0.061935 11.147871
0.006427 -0.020201 0.089043
0.055865 0.056893 1.248240
0.001415 0.059075 0.684879
Iteration 44:
-0.050152 0.196923 7.260230
-0.000365 -0.001044 0.000243
0.259718 0.004572 10.681849
0.002188 -0.011258 0.026083
-0.002248 -0.003190 0.003022
0.000377 -0.002507 0.001275
0.025423 0.001327 0.128305
0.003714 0.110555 2.332094
0.125782 0.039088 3.281184
-0.032961 -0.073964 1.280833
0.009038 -0.005201 0.021570
-0.001583 0.091765 1.625573
-0.017933 0.000913 0.063902
0.004831 -0.102737 2.027296
-0.017053 -0.000354 0.057665
0.036869 1.206680 9.036162
-0.006476 -0.004395 0.012152
-0.032968 -0.019004 0.286437
-0.463928 0.237348 29.221736
1.426633 0.072772 22.023983
0.000723 0.001332 0.000456
-0.019755 -0.066244 0.935489
-0.062469 0.004482 0.768350
0.007088 0.000665 0.010052
0.672464 -0.004011 15.136689
0.001291 -0.001126 0.000582
0.016688 -0.002478 0.056418
-0.143916 -0.982977 4.861367
0.003616 -0.000852 0.002739
0.005371 -0.010402 0.027181
-0.019686 -0.697817 13.784059
-0.008860 -0.076501 1.154578
-0.039994 -0.002426 0.316847
-0.267808 -0.041882 11.534298
-0.516098 0.196670 26.965482
0.006261 0.015272 0.054012
-0.939775 -0.002966 1.592378
-0.012227 -0.019278 0.103281
0.361996 1.434829 37.833405
-0.022483 0.243771 9.768243
-0.081694 -0.358922 17.746113
1.180094 -0.028952 7.305982
-0.149888 -0.666904 19.570782
0.006976 -0.048526 0.473240
-0.074286 0.937594 2.713201
0.095322 -0.004219 1.753193
0.115813 -0.001129 2.546436
-0.002763 0.131040 3.220976
-0.006177 0.162402 4.803718
-0.059000 -0.003085 0.684648
Iteration 45:
0.001049 0.002317 0.001284
0.136324 0.066731 4.338709
-0.007865 0.903712 2.603927
-0.012233 -0.003775 0.032499
0.029232 -0.064868 0.992428
0.000504 -0.003141 0.002007
0.545212 0.207560 27.304440
-0.000454 0.208788 7.483019
0.013126 -0.002495 0.035397
-0.001858 -0.000918 0.000852
-0.020939 -0.045882 0.501627
-0.002194 -0.157706 4.546433
0.029234 -0.252525 10.391460
0.011983 -0.024218 0.144606
0.088388 -0.369924 18.489560
-0.010642 -0.006594 0.031088
0.028095 0.450341 19.876177
-0.008952 -0.204556 7.241060
0.036269 -0.001171 0.260126
0.845256 0.108745 7.336974
-0.001085 0.001786 0.000866
-0.272511 -0.013348 11.519263
0.005110 -0.013186 0.039654
-1.895358 0.009431 5.694704
0.024380 0.001560 0.118171
-0.003453 0.785218 8.424126
0.064473 1.390843 20.486743
-0.006986 0.019217 0.082856
0.005410 0.065550 0.846343
-0.013489 -0.002279 0.037109
0.006289 0.018164 0.073232
0.009689 0.000282 0.018636
0.907654 0.054573 3.045585
-0.102996 0.089182 3.569769
-0.073879 0.004237 1.067188
-0.003526 -0.061402 0.741252
0.027457 -0.004444 0.153111
-0.003166 -0.026184 0.137699
-0.517283 -1.467529 42.154914
-0.041945 0.015614 0.395375
0.000461 -1.600993 20.616551
-0.008509 0.007709 0.026150
0.000609 0.002505 0.001319
-0.504665 0.229945 29.046511
0.004759 -0.105431 2.130690
0.519309 0.088600 21.713950
-0.002747 -0.001772 0.002120
-0.077959 0.004158 1.185391
0.004085 0.054844 0.594203
0.335849 1.126994 19.537255
Iteration 46:
0.042746 0.005264 0.365842
0.734641 0.004411 11.507104
0.026895 -0.038111 0.429947
0.001552 -0.149502 4.119682
-0.046954 0.003517 0.436702
0.044552 -0.002640 0.392612
-0.026082 -0.005543 0.140758
0.012428 -0.004592 0.034811
-0.016621 -0.001900 0.055471
0.000877 0.002764 0.001668
-0.000208 -0.000779 0.000129
0.012199 0.585322 18.969207
-0.014353 -0.008832 0.056314
0.001926 -0.000822 0.000870
0.675335 0.005294 14.982772
0.020197 0.011725 0.108085
-0.465032 -0.007871 19.988154
-0.001514 -0.000266 0.000469
0.120201 0.000570 2.733497
0.093330 2.132632 9.503534
0.448398 -0.044443 20.069359
-0.000353 0.000743 0.000134
-0.939711 -1.070789 3.711526
-0.001531 -0.357213 16.366385
0.045179 -0.994166 1.397332
-0.002245 -0.007252 0.011431
0.003559 0.026554 0.142083
0.143495 0.011039 3.841268
-2.382494 -0.216166 31.009202
0.002104 -1.717506 14.978198
0.036512 0.004999 0.268292
0.004230 0.003461 0.005927
0.038685 -0.003818 0.298335
-0.012470 0.022678 0.132688
0.503581 0.519117 40.448492
-0.000368 0.002410 0.001180
0.011487 -0.126621 3.043516
-0.007012 0.087506 1.491207
-0.067592 0.000147 0.892919
-0.001464 -0.123566 2.881206
0.006160 0.072902 1.043700
0.501169 -0.405735 38.712181
0.013433 -0.222214 8.348181
-0.000434 -0.000173 0.000043
0.392794 0.054470 18.553068
-0.332938 0.078376 16.283683
-0.034232 0.723713 12.399523
-0.148960 -0.003360 4.093825
0.010360 -0.004944 0.026137
0.008866 0.020373 0.097826
Iteration 47:
-0.010310 -0.003120 0.023010
0.012059 -0.061319 0.765650
0.078896 0.895118 4.105089
0.005552 0.004924 0.010925
-0.058744 -0.000298 0.676944
-0.001840 0.000714 0.000773
0.004536 0.003478 0.006482
-0.010389 0.001332 0.021756
-0.112809 -0.123381 5.293879
-0.003113 -0.003342 0.004139
0.073528 -0.464135 21.016339
-0.000994 0.002109 0.001078
0.000712 0.000239 0.000112
2.417043 -0.000995 24.514349
0.032528 -0.002790 0.210731
-0.001165 -0.002047 0.001101
-0.012237 -0.638227 16.896689
-0.006385 0.007102 0.018092
-0.061449 -0.008384 0.753856
0.016095 -0.417946 18.926208
-0.005945 -0.145989 3.948492
0.903071 -0.320325 16.992325
-0.031592 -0.294400 13.037687
-0.006681 -0.047017 0.444263
0.331087 -1.064820 16.938739
0.000054 -0.193767 6.577389
0.002197 -0.032469 0.209386
-0.007525 0.000568 0.011296
-0.000590 -0.037227 0.273763
-0.054833 -0.004179 0.594116
0.000840 0.000082 0.000141
-0.005213 -0.055204 0.603988
0.021067 0.019287 0.161634
0.040382 0.007073 0.331717
-0.227232 0.009327 8.643216
-0.001310 0.108321 2.240144
-0.000568 -0.001469 0.000492
-0.011737 0.023959 0.140990
-0.007833 0.000574 0.012237
-0.019408 0.001251 0.074947
-0.012425 0.002846 0.032219
1.386200 -0.001471 19.472746
0.065237 -0.001015 0.832841
-0.042723 -1.195141 8.409262
0.002997 1.480559 22.119326
-0.618587 -0.101458 19.707134
-0.371133 -0.111808 19.415225
-0.059861 0.283460 12.869860
-0.824406 0.059693 6.871764
0.000961 0.010474 0.021941
Iteration 48:
-0.027665 -0.004621 0.155692
-0.014637 0.028159 0.199373
-0.055859 0.081864 1.913385
-0.039266 -0.829419 6.206783
-0.001927 -0.028543 0.161933
-0.002449 0.256964 10.504628
-0.057372 0.005652 0.652339
0.000214 0.013188 0.034496
0.007021 -0.000695 0.009875
-0.000935 0.000046 0.000174
-0.006475 0.000545 0.008375
0.014154 0.000546 0.039779
-0.089651 -0.070890 2.533733
-0.000687 -0.001157 0.000359
1.268541 -0.005912 12.778490
0.000761 -0.002618 0.001475
0.043799 0.381113 17.860819
0.016258 0.027563 0.202741
-0.008987 -0.000543 0.016077
-0.008500 -0.059605 0.710999
-0.003139 -0.001196 0.002239
-0.043447 0.000822 0.372323
-0.004990 -0.017659 0.066742
0.545639 -0.041038 20.221652
0.000004 -0.001531 0.000465
-0.008646 0.554914 19.733390
-0.605472 -0.073476 19.302217
-0.121080 0.150318 6.932532
0.005768 -0.067948 0.908792
-0.004652 0.000011 0.004294
-0.011399 0.007376 0.036560
-0.055947 -0.001735 0.615251
0.574795 0.359524 35.726751
-0.610857 0.042238 18.395733
0.005613 0.001536 0.006718
0.103186 0.002249 2.040756
0.004151 0.000248 0.003430
0.628229 0.006616 17.329527
0.000123 0.040645 0.325987
-0.013691 -0.069818 0.988909
-0.038484 -1.252304 12.005458
0.008848 0.001897 0.016243
-0.031695 -0.771224 9.463837
-0.071813 -0.422254 20.014697
-0.008598 -0.013804 0.052443
0.236184 0.002020 9.189581
0.690739 0.758202 24.174897
-0.001364 0.001601 0.000877
0.014925 0.061305 0.780659
0.044216 -0.001267 0.385713
Iteration 49:
-0.001157 -0.000308 0.000285
0.010640 0.000793 0.022575
-0.355262 -0.007673 16.279981
0.004967 0.068466 0.920701
0.005738 -0.001643 0.007067
-0.579393 0.003619 19.119667
-0.024796 -0.045802 0.535080
0.041165 -0.124863 3.272788
0.010903 0.182566 5.945554
0.004771 0.755493 10.230219
-0.000377 -0.009693 0.018662
0.065283 0.000071 0.833786
0.001491 -0.050258 0.497418
-0.001357 -0.003323 0.002556
0.053356 0.004952 0.564415
0.000670 0.000204 0.000097
0.007158 0.012439 0.040848
-0.265026 -0.512556 31.244528
-0.003040 -0.006304 0.009717
-0.000954 -0.001091 0.000417
0.000650 0.003550 0.002584
0.727132 0.010338 11.981844
-0.019805 -0.001130 0.077967
-0.008782 0.200099 6.971064
-0.007483 -0.130691 3.214427
-0.042293 -0.543832 20.271696
0.007309 -0.001065 0.010822
1.009337 0.261420 11.821228
0.003471 0.002330 0.003467
0.015353 -0.001754 0.047341
-0.082080 0.010462 1.329074
-0.000010 -0.029947 0.177406
0.023429 0.612558 18.085640
0.037932 -0.001236 0.284412
-0.006966 0.022591 0.110703
0.016045 0.035374 0.298266
-0.002978 -0.077717 1.176538
-0.034770 -1.740984 13.836092
0.262811 0.101542 12.850630
-0.042637 0.035118 0.602212
-0.301815 -0.012769 13.321873
-0.063677 1.680544 17.844916
-0.003651 -1.347243 17.554523
0.005870 -0.003856 0.009786
0.000292 0.001127 0.000269
-0.357830 0.184837 22.449917
-0.012220 1.644172 18.903021
-0.000897 -0.000153 0.000164
0.438132 -0.005213 19.451279
0.000342 -0.001650 0.000563
Iteration 50:
0.015728 0.000994 0.049235
-0.005048 -0.001478 0.005488
0.045475 0.030256 0.588566
-0.036704 0.014322 0.306766
0.029988 -0.005445 0.183763
0.009035 -0.000631 0.016271
-0.000170 -0.001008 0.000208
0.002102 0.012411 0.031421
-0.003180 -0.163735 4.870173
0.000699 0.001271 0.000417
-0.021814 -0.817959 6.621906
0.385817 -0.005629 17.690104
0.009896 -0.034107 0.249328
-0.001287 -0.011070 0.024632
0.108749 -0.113777 4.718084
-0.004699 0.255779 10.432803
0.378004 -0.003205 17.348192
0.024495 0.044092 0.502043
-0.031273 -0.000942 0.193577
-0.013830 -0.003194 0.039944
-0.530173 -0.132872 23.406765
-0.008293 -0.001373 0.014014
-0.008018 -0.698983 13.652218
0.000983 -0.005155 0.005463
-0.207293 -0.266748 18.513265
0.004813 -0.004379 0.008400
-0.003768 0.015260 0.048978
-0.005691 -1.764194 12.228134
0.035664 -0.005288 0.256838
0.011981 0.000053 0.028464
0.024740 -0.089201 1.659072
0.019955 -0.016538 0.133106
-0.365477 0.002351 16.770237
0.017704 -0.152628 4.341917
-0.000739 -0.043928 0.380520
0.018934 -0.724537 12.189041
-0.008677 0.000765 0.015050
0.002803 -0.000548 0.001619
0.563459 1.522811 41.749479
-0.000344 0.001943 0.000772
-0.002242 0.002030 0.001815
-0.000266 -0.001814 0.000667
0.003938 0.040772 0.331089
0.035132 0.715748 12.891727
-0.000888 0.000626 0.000234
-0.397075 0.154187 22.499222
-0.053351 -0.053433 1.120585
1.020527 0.038178 1.412317
-0.161520 -0.446779 24.394383
0.000647 -0.002930 0.001786
