Iteration 0:
0.879100 -0.192260 3.392243
1.551152 -1.080959 6.447606
2.394953 -0.106986 7.472891
-0.599997 -0.009408 3.246283
0.124445 -0.568460 3.393163
-0.726775 0.456431 4.429558
2.267004 -2.115447 8.440069
2.054688 0.598966 6.874970
-3.117051 0.934051 7.805170
-0.659948 -0.756938 4.584489
-0.398542 2.662573 8.535786
0.979323 0.893490 3.707217
0.179382 -3.124283 8.102697
3.030286 1.699149 9.085472
1.719763 -1.614773 7.766712
0.865135 0.919370 3.832533
-1.070993 0.598450 4.859299
-0.509448 0.788640 4.520478
0.169541 0.896425 3.242800
1.047271 0.669705 4.675864
-0.370005 -2.663301 8.496626
1.175046 2.075626 6.487436
3.361339 0.501857 9.910867
1.021425 2.328137 7.461764
3.689396 2.289090 11.159603
0.088489 -0.484100 3.133108
-0.432519 -1.078055 4.762624
-0.721221 3.284743 9.467819
2.499457 0.747280 8.287525
0.407738 0.005109 2.754168
-0.571245 -0.100430 3.339241
3.931837 -0.215816 9.505294
0.246513 -0.615559 3.812888
-0.363050 -0.506103 3.966673
0.947467 0.719488 4.356403
1.279485 -0.595176 5.733241
0.718706 -0.252073 3.859481
-0.155433 -2.266692 6.958789
-0.687386 1.146652 5.046634
1.106770 0.342651 4.617080
-0.606439 0.707861 4.595659
3.344992 4.035724 11.959080
2.269997 1.277459 8.019043
0.713909 1.417388 6.160062
-0.578166 -0.751410 4.581593
-0.836674 1.024087 4.005660
3.317961 1.532551 10.292311
0.296434 2.610627 8.335388
0.453639 2.838194 8.592547
0.117266 0.254573 2.068009
Iteration 1:
-0.647731 -1.808872 6.588995
0.518367 0.442834 4.175493
3.302802 2.424563 10.969357
-1.264801 -0.638670 5.658026
1.471398 0.408215 6.200629
2.227553 0.687723 7.448870
-0.071910 -1.262200 4.483543
-3.167785 0.787382 8.675012
1.078344 2.916906 7.438431
-2.219055 -0.109416 6.489887
-1.878364 1.066865 5.718403
1.686777 -0.109292 5.757551
1.242348 0.636052 5.562990
-2.346806 0.451867 7.987902
-1.514680 -1.404132 7.381688
-2.311831 -4.960316 12.151139
0.565836 -2.509528 8.433754
-2.238809 1.041611 6.934420
1.457457 1.986747 7.586696
0.351548 5.000000 11.650030
-3.057964 -0.449514 8.808079
1.238174 -3.541459 10.312667
-2.778716 -1.874489 8.712409
1.089487 0.550803 4.940007
3.491079 0.273270 9.965225
-0.024346 -0.119866 0.700622
0.088973 0.126446 0.981965
-4.158888 -2.367896 11.617926
2.433890 1.942124 8.832266
-2.236011 -1.110274 7.132432
3.500676 -0.882270 9.837479
1.417516 -0.873398 5.995112
1.998839 2.562788 9.048865
-0.861118 2.179683 6.652671
-3.801271 3.282995 11.831598
-4.005022 1.931864 9.456435
1.765854 4.209177 11.037466
-0.604361 5.000000 11.798269
2.978504 0.524757 8.676807
1.663450 0.842340 6.338527
0.006172 1.119934 3.274631
2.227257 -1.901608 7.886580
2.293669 1.981128 8.255362
-0.353641 -0.189183 2.931166
-1.490430 0.026623 5.525818
-0.091428 -1.110677 3.400875
-0.053437 -3.336841 9.005839
-0.919118 -0.552410 4.568228
-0.239810 0.740316 3.800949
-2.092693 0.319991 6.665729
Iteration 2:
-0.320771 2.137865 6.871575
-0.019719 -0.233685 1.642073
2.646894 -0.277396 8.312579
-1.479671 -0.623049 6.354885
-3.592116 0.486291 10.340153
0.213529 -0.728298 3.707074
-0.613339 0.729773 4.597890
-1.539463 -5.000000 12.159298
-4.716979 -1.477441 12.227098
-0.543114 -0.034125 3.192924
2.758401 2.605574 10.331399
-3.928873 -2.126731 9.858846
-2.695636 -1.327154 8.971832
-2.169634 0.342138 7.089676
-1.536838 -2.827547 9.254094
0.742933 0.289895 3.987405
-0.010211 -2.870097 7.070919
-2.356895 -1.623104 8.862564
-2.216897 1.368156 8.090941
1.933000 0.104198 5.161466
0.781543 3.619545 10.105857
0.082583 -1.714543 5.646740
1.782738 -1.708454 7.639774
-0.428365 -2.829799 8.564772
0.337875 0.330251 3.406739
-2.831460 0.845176 7.856752
-0.244206 0.679071 3.837787
-0.106392 1.155059 3.783503
-1.528515 -1.782116 7.693158
-1.414531 -0.843067 6.015715
0.356054 0.236165 3.124257
2.779340 0.455048 8.610905
-0.060562 2.373043 7.299714
0.737219 1.506352 6.358293
-2.941354 2.575136 10.190924
0.346584 -0.068618 2.508803
-0.112341 0.169624 1.422066
-2.710945 1.074009 8.092140
-0.098710 -0.098827 0.853595
-4.292314 -1.769673 11.413323
-0.090192 -2.446908 7.621332
1.453291 -0.577258 6.288114
-0.232429 1.576420 6.075380
-1.348136 0.890629 5.701535
-0.425462 -1.323176 5.774544
-2.561541 0.431645 8.467683
-0.777228 -0.243209 3.781710
-0.066114 4.294160 10.444672
-0.734822 1.350451 5.916633
-1.731155 -1.897008 7.404535
Iteration 3:
1.490787 -1.511947 7.537372
1.284355 3.113950 8.987425
-0.203134 1.986505 5.736044
-0.679441 -5.000000 11.590331
0.230370 2.886791 7.886205
-0.593443 0.216718 3.696077
-0.353242 0.549780 4.024358
-0.799055 -1.647458 6.419076
0.642010 -3.108935 8.875945
-0.792013 1.922915 6.040822
-1.923128 0.259893 6.008940
1.765680 -1.381218 7.424431
0.542279 -0.935724 4.577216
-0.966129 0.024434 2.601177
-0.590823 -1.197135 5.386377
0.154457 0.387122 2.955520
-0.981931 -0.460987 4.550888
0.206158 1.797158 5.906940
-0.926700 -0.479765 4.509286
0.113553 -0.583974 3.384632
0.860186 0.688204 4.464850
0.805599 -3.567111 10.042215
-1.783118 0.609403 6.643626
0.799954 0.471996 4.466893
-1.081720 -2.449535 8.061914
-2.487639 -1.602708 9.150184
-1.089763 -2.330591 7.621045
2.225615 -2.694212 9.608198
-2.215462 1.013410 6.714446
0.021094 2.694309 7.672401
-2.371714 0.544544 8.104182
-1.273457 2.054768 7.021730
-0.240389 -1.910146 5.912880
0.010352 -0.749006 3.086785
2.560322 1.792686 9.146037
0.841936 1.093708 4.273400
-0.145881 -1.657964 5.881377
-1.310962 -1.099899 5.773917
-0.160897 -0.979398 3.196292
-1.054070 -1.723330 6.214294
-0.668125 0.054044 3.274249
-0.000940 -2.891492 7.000122
-2.585874 1.788680 9.162993
-5.000000 -1.292913 11.640488
1.173095 -0.229590 4.484100
-0.600109 -0.765869 4.587836
1.329831 -0.220253 5.326631
1.003614 -0.523348 4.671359
0.311633 -0.137037 2.511523
0.929066 -2.533748 8.100621
Iteration 4:
0.247132 0.882409 3.688941
1.073460 -0.652686 4.799614
2.296132 -0.938992 7.257909
-0.806302 -1.211200 5.096277
1.956971 -1.929428 6.615495
0.017353 -5.000000 10.146727
0.781168 0.816584 4.321814
-1.152979 -0.800353 4.763376
1.444882 0.017621 5.387797
0.186957 -0.612386 3.620705
-1.687489 -0.084270 5.697656
0.490161 1.556577 6.460226
4.143557 1.018585 9.539349
-0.324701 -0.242407 3.015319
0.749718 -0.286919 3.974024
0.789190 0.370166 4.235986
-0.666019 -0.300124 4.015464
-0.434374 -0.475343 4.073168
-1.694190 -0.390681 6.505864
-0.066505 -0.322459 2.360580
-2.945898 -0.663816 8.431562
1.725362 0.692503 6.566435
0.703169 -1.566495 6.482492
0.861627 1.516902 6.251166
1.319116 1.724804 7.257636
-3.142061 -1.625196 9.629672
2.939210 -0.196453 7.656714
2.868014 0.565074 8.604318
-2.357626 0.877802 7.657828
1.068910 1.191281 4.884037
-2.870613 -0.815677 7.880855
0.196459 2.231973 6.901737
2.389085 0.476907 8.131720
1.284429 2.888490 8.611776
4.407423 -3.336340 13.057485
-0.434737 -1.164861 5.127407
-1.332685 -0.177277 5.208511
0.351106 -0.517162 3.958268
-0.200931 -0.056510 1.440096
0.117961 -0.140773 1.245951
-1.575852 0.928114 6.270654
1.407529 0.800151 6.042501
0.078991 0.900925 2.789404
0.544573 2.891113 8.614250
3.214283 4.775145 12.647881
2.105540 -0.868788 6.143663
1.156235 -2.953885 7.816081
-1.831244 -3.000999 8.448490
-0.517403 -0.838578 4.527562
-1.554003 -0.023678 5.641360
Iteration 5:
1.338464 -0.227050 5.386677
-0.074894 -2.340921 7.165815
-0.496255 1.149187 5.147573
0.112651 -0.154381 1.311870
1.303064 -1.215179 6.226661
0.692482 -0.270783 3.929404
0.446309 -2.404211 8.152278
0.639693 0.714477 4.604428
0.274967 0.192226 2.540513
3.032460 0.937681 7.361188
0.370368 1.558824 6.328151
-0.067078 -3.117962 7.568980
-0.113105 2.533305 7.849769
-0.009208 -5.000000 10.140911
0.036615 0.332824 2.374276
0.161265 0.425069 3.129315
-3.468208 0.314475 9.993210
0.480633 -1.616422 6.542293
-0.405119 -0.161435 3.053484
-0.951227 -0.590666 4.589999
0.933616 1.147313 4.359810
0.687447 -0.601163 4.589232
0.659630 -0.496305 4.458393
1.174139 1.115873 4.985975
0.134807 -1.836398 5.500580
-0.115913 2.523745 7.841083
5.000000 1.568162 12.140001
0.665799 -0.167629 3.573884
0.261842 0.721795 3.894033
-1.097508 1.054477 4.180318
1.699952 1.055839 6.277876
-2.285019 5.000000 12.048471
-1.422398 -1.573929 7.490980
0.587390 0.232163 3.736941
-0.016211 0.603074 3.250202
-1.814279 0.206600 5.877449
-3.849671 0.684302 10.116508
-0.251998 0.855050 3.736857
0.457991 0.508444 4.188511
0.757867 0.721623 4.531515
0.151267 -0.367015 2.853865
0.285165 1.735912 6.265874
-2.837780 3.261970 10.615385
0.525356 -1.253152 5.610516
-2.864194 -0.193315 7.737983
-1.110840 -1.372916 6.103160
0.119229 -0.236468 1.948760
2.497378 0.325566 8.228598
0.251086 -3.270237 9.205665
1.043235 -0.495070 4.749580
Iteration 6:
-2.026930 -0.799335 6.115260
-0.585059 -1.228079 5.521848
0.894125 0.328705 4.070191
1.296556 0.040916 4.666360
0.077541 0.059989 0.517463
-1.280171 0.884607 5.345744
-0.014304 -2.875179 7.056122
-0.115143 -0.352631 2.663404
-0.079830 0.571424 3.297412
-0.858368 0.568705 4.558621
0.547626 2.683484 8.634601
0.658197 0.411830 4.300425
-2.000081 -0.955517 5.434185
-0.082456 -0.042432 0.477785
0.885219 0.517074 4.532023
-1.445037 0.424975 6.155239
2.988484 -0.317374 8.302206
0.053776 -1.855544 5.155671
2.176889 0.446275 7.332988
-0.521140 -0.286550 3.787951
0.238707 -0.252464 2.649165
3.016753 1.619570 9.253912
-0.132732 0.327950 2.588329
0.667171 -0.883962 4.485405
-1.637042 -0.151503 5.902444
-2.520464 5.000000 12.654189
1.730382 -0.725486 6.508607
-0.814719 0.066360 2.976655
-2.028414 0.172218 5.652999
1.349436 -0.079377 5.040490
-0.151807 -0.614926 3.514217
0.295653 0.501718 3.772880
-0.126578 -0.712933 3.400483
-1.139533 -0.104038 3.658674
-1.593607 -0.973669 6.280203
4.131247 0.438351 10.720499
-0.339744 0.306032 3.326403
0.519700 0.459724 4.212369
-0.236431 -0.509674 3.612420
-0.263367 0.152330 2.281681
-0.637011 0.174116 3.593468
-0.057881 -3.603321 9.632748
2.627146 -0.449307 8.560139
-0.985699 0.152458 3.155766
-1.251383 0.209513 4.874272
-5.000000 2.872440 11.535246
2.274723 0.141962 6.962048
0.023157 -0.780800 3.004456
-0.703773 -4.905128 11.483737
-1.539254 0.722023 6.428459
Iteration 7:
-0.027894 -0.297593 2.134027
0.857404 -0.045266 2.796648
-0.017356 -0.459197 2.963221
-0.347728 -1.563769 6.299642
-2.429810 -0.598233 8.256018
0.333963 -0.491926 3.859374
0.212050 -0.098507 1.677750
-0.065624 0.178737 1.286452
-0.301981 0.495641 3.777574
0.848279 -1.226257 5.081868
-1.085791 -2.934655 7.440793
0.385309 0.049756 2.682259
0.623574 -1.286597 5.755016
2.668610 -0.917641 8.090586
1.842646 -2.451038 8.938200
-0.559680 -0.249448 3.749374
2.108525 -0.742378 6.699584
-0.193043 -1.402506 5.555771
-1.281573 -0.547781 5.734128
-0.456805 0.510033 4.189034
-0.059713 2.426010 7.509812
-1.220668 -0.627900 5.472650
-0.030886 -0.381701 2.642307
1.761583 -0.654140 6.604413
-0.237036 -0.534664 3.666708
-0.451619 1.645623 6.549152
1.584317 0.091364 5.750368
0.632418 -0.162769 3.555943
-0.564035 -0.051840 3.244122
0.303198 0.089746 2.297871
-2.272692 0.875073 7.218837
-0.095427 0.703934 3.319826
-0.192521 -0.765443 3.578161
-1.531860 0.269458 6.090946
1.106249 -0.283370 4.366379
0.283949 0.176076 2.515921
-0.369315 -0.075713 2.647306
0.003815 -1.795313 5.305792
-2.167746 -0.382954 7.184954
-0.088067 0.376775 2.713009
-0.722051 1.993611 6.389662
-0.678541 3.044669 8.550930
-1.613680 1.780024 7.726961
0.536800 1.110603 5.017413
-0.546878 -2.253193 7.696047
-0.456610 0.908742 4.457170
-0.621388 0.348680 4.114416
-0.134725 -0.356646 2.747054
4.743631 0.281202 11.615619
-0.410730 -1.555988 6.379702
Iteration 8:
0.256271 1.907331 5.994936
0.184568 0.805272 3.475933
0.427949 0.003749 2.841335
0.287922 -0.043070 2.086212
1.482540 -1.123945 6.476637
3.461563 -3.468244 12.339643
-0.103897 -0.104411 0.919685
-0.388483 -2.384347 8.036670
-0.342049 0.892007 4.122901
-0.820686 0.427016 4.379248
-0.615911 -0.544308 4.487349
-2.270761 0.288128 7.416862
-0.395792 -0.165684 3.029845
-0.352234 0.336083 3.476024
1.431896 0.026141 5.346016
-0.598740 0.734868 4.592522
0.906504 2.135276 6.202947
-4.643433 -1.099212 11.433063
-1.123195 -1.901360 5.935104
1.321644 -0.209265 5.253434
0.162099 -0.597350 3.531239
-0.815440 -0.158667 3.333127
0.017899 2.803882 7.324960
1.153368 -0.265052 4.531650
0.191512 -0.118746 1.617860
-0.143439 0.047273 0.941009
-0.506324 -0.317209 3.844448
0.644823 -0.928213 4.518762
2.844479 -0.086514 7.315615
-0.975262 0.782897 4.144517
1.299600 -0.284269 5.377311
-3.356830 -0.423240 9.853353
0.353535 -0.567311 4.054083
0.800710 -0.514536 4.526151
-0.752601 -0.974032 4.262398
1.315948 5.000000 11.743434
-0.112065 -1.304861 4.863450
0.010167 1.060742 2.884886
-0.398401 -0.325024 3.587600
-0.053083 0.146955 0.986895
0.044573 -0.256736 1.858825
0.121722 -0.051274 0.783494
-0.907997 -0.155336 3.149621
-2.773158 -0.341671 8.427824
-0.307006 -2.300478 7.596161
0.581809 -0.982856 4.637709
-0.228481 -0.135567 1.968840
0.138583 -1.095430 3.524407
-0.730975 -0.287847 3.983890
-2.507070 0.892525 8.094541
Iteration 9:
0.190158 0.996553 3.410697
-0.616154 0.697601 4.598860
-0.094399 -0.071692 0.676408
-1.320099 0.379847 5.688092
0.108303 0.073849 0.779052
0.007008 -2.552928 7.751982
0.715199 -0.535287 4.541023
-0.061958 -0.323494 2.357511
1.250230 -0.254115 5.033524
-3.777606 -0.066705 9.275708
-0.660871 -0.196900 3.673463
3.104766 -0.005667 7.377858
-0.161167 -0.246934 2.219362
-1.622397 -0.204806 6.044504
0.270722 0.079016 2.045670
0.913641 0.223144 3.540210
-0.174139 2.417994 7.709176
0.176330 -0.282324 2.507732
0.402997 1.730028 6.537741
2.214089 -0.579269 7.527538
0.056391 -0.001305 0.242079
-0.449208 0.103032 3.053360
-0.002037 0.060158 0.263904
0.918220 0.386434 4.287443
-0.017941 0.160491 1.024236
5.000000 -0.011941 10.142467
0.002819 -0.352974 2.472565
4.350753 0.015878 10.685142
-0.781254 0.056162 3.052883
0.326341 -0.139158 2.602795
-0.594908 2.405121 8.192801
-0.275713 -0.324497 3.150740
1.041225 1.457280 6.192216
0.087914 -1.837416 5.312445
0.422921 -0.312890 3.622311
-1.598992 0.077656 5.734349
0.494743 -1.181269 5.283601
0.737111 0.313359 4.068985
0.137926 0.477788 3.234074
0.000443 -0.949447 2.580108
0.162852 2.566002 7.994208
0.573847 -0.363837 4.089978
-0.687551 -0.155544 3.523490
-0.006277 0.221221 1.531404
-0.050803 0.320056 2.315053
-5.000000 -1.677466 11.908529
-0.955521 0.028934 2.603156
-0.008375 0.535171 3.164750
-0.975823 -0.053663 2.672333
0.086766 -0.828991 2.996497
Iteration 10:
-0.851954 0.594717 4.560117
0.077773 -2.926300 7.065832
-0.222551 0.178638 2.156065
-0.242485 0.950555 3.660918
-0.848694 3.773699 9.704609
-0.511436 -0.386445 4.035474
-0.219952 -0.830559 3.606906
-0.116937 0.234041 1.921185
-0.010195 -0.102600 0.551562
0.713279 0.158655 3.511693
-0.013637 -0.011344 0.058534
-3.505766 0.003387 9.536282
3.626464 0.398542 10.308202
-1.707838 0.733108 6.508898
0.508191 -0.255563 3.667752
0.677728 -0.100063 3.361763
0.400715 2.519140 8.369396
0.066625 0.145901 1.026338
1.704111 0.206694 6.036916
0.042335 0.192872 1.338031
0.307858 -0.166854 2.610247
-0.900301 -3.364765 9.419590
0.047075 0.327590 2.356356
0.539050 -0.481362 4.286667
0.054035 -0.506325 3.135636
0.057392 -3.708147 9.478996
-5.000000 2.956269 11.254696
-1.241729 0.578677 5.579951
2.178996 0.032744 5.998543
0.253454 -0.242455 2.673215
0.680442 -0.677469 4.608377
-0.119374 0.477729 3.184938
-0.023887 0.033486 0.160880
0.065372 -0.053612 0.420689
-0.040520 0.281941 2.039460
-0.037535 0.778438 3.028288
-0.116718 -2.224667 6.553770
0.390710 1.648848 6.475199
-0.734607 0.134954 3.396674
0.263998 0.469277 3.598794
-0.104622 -0.804061 3.130206
-0.990943 0.398809 4.420687
0.058736 2.149758 5.822979
-0.134534 0.260175 2.180202
1.997627 -0.839955 5.842510
-0.967841 -0.143860 3.079333
5.000000 0.656509 11.666894
-0.779467 -0.291235 3.974019
1.737585 -0.024340 5.499526
0.302928 0.211012 2.776778
Iteration 11:
-3.747075 -0.033989 9.330266
0.253786 0.282347 2.870434
0.592677 -0.063074 3.290382
-2.517368 0.149597 7.900756
-0.894446 0.054100 2.722809
0.075851 -1.553964 5.695194
-0.419978 0.220903 3.309762
-0.376740 -0.059783 2.654852
-0.255113 -0.917290 3.718999
0.784883 -1.597892 6.428670
-0.582428 -0.234811 3.738649
0.453815 -0.563007 4.272046
0.110539 0.006580 0.609094
0.276322 0.034606 1.989967
0.007939 -0.036592 0.142824
-0.818072 -0.451753 4.430752
0.525886 -0.085082 3.230901
-1.594733 0.356110 6.359633
-0.185786 -1.136269 4.034802
-0.024732 -0.237677 1.679433
0.236468 -0.030562 1.676933
2.519122 0.353519 8.311540
-0.322257 0.225500 2.933299
0.466475 -1.551373 6.431616
0.113903 0.532816 3.307515
-0.249735 0.347861 3.143470
1.200539 -1.047667 4.874568
-0.907782 -0.199994 3.408536
-0.019379 -0.407751 2.759099
-1.387468 3.282787 10.019034
0.042895 0.030900 0.222559
0.000412 0.187115 1.241964
-0.030605 -1.594442 5.677170
-0.006496 -0.631883 3.252630
-0.252545 0.154286 2.221671
0.374091 0.292645 3.401171
-0.729996 0.237385 3.798575
0.725059 -0.455172 4.426672
0.404748 -0.092163 2.853182
0.244803 0.260715 2.721829
0.169908 0.327555 2.728170
-0.101896 0.046737 0.622987
2.883146 1.043817 7.410193
-0.690970 0.051686 3.245181
-0.065954 -0.665982 3.295832
0.706489 0.047655 3.215237
0.295690 -0.492344 3.751701
-0.620128 1.193009 5.353749
-0.021640 -2.464174 7.595334
0.606780 -0.107756 3.389479
Iteration 12:
-0.225130 0.245533 2.542443
-4.000546 -0.545390 10.398634
-0.141206 2.401980 7.575040
-0.753360 -0.105367 3.258968
-1.613905 -0.287107 6.245682
-1.154406 0.398336 5.002584
0.782374 0.063735 3.066493
4.081222 -0.095533 9.153331
0.021407 -0.279746 2.000622
-0.149542 -0.034001 0.957839
-0.212694 -1.672777 6.072125
1.710110 -0.268445 6.227433
1.762878 -0.230082 6.056119
-3.400415 -0.882900 9.583258
-0.280339 0.267459 2.923536
-0.367364 0.209808 3.070207
-0.098655 -0.549688 3.303644
-1.628196 0.844705 6.352043
0.256238 -0.278858 2.865199
0.071202 0.153054 1.100698
0.590613 -0.434524 4.273254
1.076966 -0.076393 3.124534
-0.031050 -0.556388 3.212124
1.219522 -0.436250 5.371721
0.124863 -0.096408 1.010758
-1.953966 0.082482 5.057585
-0.295288 -0.211628 2.740642
0.202234 -0.122438 1.715568
0.041431 -1.118824 3.306971
1.358714 1.113908 6.054762
-0.075310 -0.870608 2.842719
-0.023579 0.571687 3.227495
0.062400 -0.024116 0.304475
-0.013444 -0.171505 1.113633
0.010303 0.001023 0.032138
-0.273913 0.101724 2.141832
1.178540 -0.049176 3.790757
-0.454679 0.093272 3.050264
0.551449 0.431919 4.209595
0.648148 0.026404 3.256628
0.498348 -0.418215 4.083856
-0.323006 0.294301 3.218288
-0.961516 0.498260 4.572705
-0.420313 -1.283928 5.616383
0.087382 0.350915 2.576243
0.001630 -0.306374 2.180168
1.242794 -3.791541 10.179073
0.714425 -0.104625 3.330009
0.085074 1.650456 5.739183
-1.478122 -0.213630 5.843716
Iteration 13:
1.029518 -0.118130 3.081714
-0.070811 -0.296105 2.199753
-2.542979 0.517906 8.486493
-0.206344 1.208040 4.596470
-0.683933 -0.156276 3.528292
-1.414743 -0.133450 5.450660
-0.049690 -0.048472 0.320651
0.519610 1.174974 5.277047
-0.356923 0.021286 2.502051
0.025687 -0.074578 0.381171
0.496340 -0.569578 4.359307
-0.015981 0.147797 0.915608
2.233235 0.034632 6.417780
0.391685 -0.076096 2.758718
0.123337 0.157492 1.395232
-0.012511 -0.019891 0.081110
-0.100337 -2.309271 7.046486
-0.067194 1.544857 5.670629
-0.060876 0.080358 0.538159
0.825720 -0.778756 4.308649
-0.222345 -0.024185 1.553720
-0.229251 -0.059888 1.678392
-0.329972 0.006304 2.334920
-0.623281 0.349218 4.117868
-0.263714 -0.457593 3.566349
-4.121818 -0.038989 9.223749
-0.617283 -0.492044 4.411814
-0.645935 0.461151 4.387530
0.030416 0.078465 0.416956
-0.245425 -0.473086 3.550592
0.024257 0.041678 0.197317
1.214933 1.837612 6.622995
0.070433 0.317078 2.335652
0.722138 -0.351938 4.186282
-0.212386 -2.398947 7.739611
0.099241 0.039692 0.582130
0.014819 -0.031671 0.131168
0.062927 0.110068 0.742113
1.710107 0.117650 5.745475
0.011678 1.237505 4.217079
-2.550017 -0.914746 8.128293
-0.002376 0.039892 0.155005
-0.150162 0.093909 1.181167
-0.829908 -0.178693 3.401198
0.146698 0.578316 3.465878
0.628663 -0.033727 3.267699
-0.480037 -0.135854 3.234897
-1.501848 0.064680 5.588410
0.033497 0.246891 1.764091
0.664742 -0.130526 3.455795
Iteration 14:
0.389941 0.013485 2.672260
0.534763 2.282252 7.806352
0.365043 -0.049872 2.577768
-0.003714 -0.322582 2.287555
-0.036875 0.007163 0.143398
0.156541 -0.225378 2.054711
0.129037 0.236212 1.991633
-0.180371 0.709262 3.595731
-0.204906 -0.661964 3.700925
0.551457 0.783358 4.561675
0.288688 -0.493361 3.733444
0.352101 0.141728 2.748101
-3.355917 -0.081805 9.142297
1.076687 -0.302496 4.319432
0.013332 0.006383 0.047616
-0.052052 0.121030 0.780911
-0.605830 2.117161 7.092969
0.026760 0.187945 1.268281
1.543994 0.167871 5.871013
0.030330 0.341529 2.420116
0.470732 0.144974 3.232951
0.199924 -0.135923 1.769236
-0.887454 -0.033599 2.694294
0.032878 -0.154249 0.994562
0.785427 0.182751 3.503062
1.537193 0.110239 5.731610
0.314453 -0.439205 3.672854
0.176353 0.863930 3.327450
-2.623088 -0.015622 7.766886
-0.646683 0.063340 3.302272
0.069354 0.112814 0.789526
0.848451 -0.389744 4.282665
0.812175 0.042259 2.931349
0.017922 0.581333 3.234891
3.067437 0.036168 7.190362
0.642348 0.200572 3.681887
0.009411 0.231185 1.614776
0.210799 -0.119379 1.763262
-0.089567 -2.130370 5.777284
0.222748 -0.474723 3.483163
0.159585 1.204401 4.368315
-1.423199 0.372088 6.020846
-0.393021 -0.065719 2.745161
2.317200 -0.075623 7.038349
-0.500327 -0.459571 4.176557
0.054362 0.380572 2.665439
0.396593 -0.106542 2.852722
-0.018104 0.438372 2.887162
0.034399 -0.698344 3.211797
-0.454310 0.451851 4.066814
Iteration 15:
0.038100 -0.170968 1.145062
-0.346377 0.255423 3.159645
-0.210553 -0.022856 1.454122
0.243686 1.306876 5.289731
-0.859938 1.275828 5.360722
-0.187292 -1.271203 4.907768
0.473692 1.873461 6.634070
0.337221 0.141355 2.669753
0.675391 0.432129 4.356222
0.045599 0.041339 0.272466
-0.177926 0.043817 1.216284
0.412930 1.676129 6.528931
0.245286 0.051683 1.784712
-2.053291 -0.006538 5.115983
-0.218769 -0.342463 2.997440
0.031027 -0.140974 0.881523
0.121907 0.648041 3.435607
0.388056 0.079778 2.749192
4.986383 -0.212181 10.992940
0.396845 -0.987772 4.408405
-2.160365 -0.028474 5.847833
0.044548 -2.514083 7.720588
0.113782 -0.044136 0.700956
3.175156 -0.824078 8.572074
-0.704723 0.132575 3.430523
-0.311253 0.309022 3.229664
0.267907 0.616857 3.880544
-0.012387 -0.011432 0.055227
0.471249 0.011349 3.001202
-0.016816 -0.012383 0.070646
0.060474 0.020115 0.285119
0.234545 -0.004901 1.640727
0.106157 0.019101 0.587760
0.013289 -0.560662 3.208517
-0.153186 0.069469 1.094875
1.248930 1.372593 6.626532
1.135071 0.160508 3.894745
-0.141424 0.061823 0.972994
0.023310 0.015667 0.100329
-0.560706 -0.010092 3.207641
0.385693 -0.876831 4.270873
0.003764 0.063522 0.284292
-0.012393 0.344768 2.426999
0.062940 -0.005615 0.281645
0.341071 -0.001362 2.402450
0.026167 0.012947 0.105133
-0.201233 -0.016555 1.369364
0.799216 -0.012898 2.939457
0.142457 -1.469610 5.650480
0.020762 -0.036884 0.166823
Iteration 16:
0.115994 -0.178783 1.509294
-0.165939 0.035179 1.096807
1.909991 0.201068 5.700793
0.478086 -0.012820 3.023151
0.005083 0.443878 2.904262
-0.111649 0.140040 1.203631
-0.093846 0.027365 0.513032
-0.288524 0.646255 3.968185
0.111587 -0.165271 1.385812
0.021834 -0.014453 0.092229
0.195987 0.102747 1.573582
-1.145218 -0.084068 3.624899
-0.248270 0.132720 2.091934
0.000019 -0.234618 1.640772
-0.242289 0.093693 1.886914
-0.176490 0.058328 1.244241
-0.066271 0.027806 0.335682
0.360043 -0.147676 2.808099
0.376981 0.054133 2.646875
-0.394725 -0.082799 2.787022
-0.000332 -1.370573 5.072984
-0.259557 -0.111580 2.079626
-1.751017 -0.119613 5.668754
0.575429 -0.087368 3.316750
0.150394 -0.001903 0.929509
0.556812 1.117610 5.049877
0.035803 0.134760 0.841423
-0.002405 -0.417226 2.795968
2.102463 -0.204151 6.163726
-0.015308 0.202357 1.377857
0.020042 -0.220785 1.536455
0.072924 0.284905 2.128585
0.490280 0.093890 3.161696
-0.037956 -0.156031 1.020073
-0.348841 1.414095 5.954445
-2.506832 0.139910 7.861051
0.090549 -0.077401 0.681495
-0.177812 -0.057577 1.252798
0.191551 -0.246288 2.370911
-0.200271 -0.166759 1.945001
0.030450 -1.668657 5.643734
-0.012925 -0.130127 0.767603
3.024070 -0.069361 7.099789
-1.169065 -0.425414 5.128298
-0.075933 -0.256030 1.929598
0.268692 -0.713784 3.920708
-0.004782 0.018242 0.062784
0.164369 0.378747 2.952804
-0.917014 0.362394 4.206205
-0.089664 0.230538 1.783739
Iteration 17:
0.107365 0.036884 0.632861
0.305921 -0.087130 2.307780
0.366200 0.776599 4.226574
0.019129 0.040079 0.177381
0.087145 -0.027467 0.467087
0.407381 -0.182863 3.134065
0.994067 -0.055719 2.708914
-3.348516 -0.026689 9.037819
-0.217253 0.006180 1.498301
-0.229905 0.378142 3.188956
-0.090414 -0.173238 1.341403
-0.234607 -1.246564 4.941756
-0.034673 0.013853 0.142345
0.018245 0.065320 0.310014
0.221439 -0.437836 3.370395
-0.374111 0.002397 2.588999
-0.013970 0.008507 0.053372
0.403522 0.031031 2.747975
-0.075108 0.168808 1.241384
-0.575148 -1.297443 5.802090
-0.134026 0.075194 0.970774
0.181560 0.061830 1.296924
-0.185198 -0.350134 2.899557
1.434214 0.065991 5.393679
-0.005882 -1.589271 5.664842
1.075707 0.497615 4.858664
-0.006954 0.560026 3.206013
0.232138 -0.054117 1.686763
-0.087071 0.096317 0.769914
-0.198975 -0.049771 1.406226
0.001663 -0.028283 0.101369
1.412269 -0.092520 5.354212
-0.078935 -0.378279 2.699738
-0.004971 0.038152 0.147768
0.020561 1.828252 5.196191
-0.231879 -0.136204 1.995578
-0.006554 0.836979 2.813887
-0.599049 -1.985532 6.706278
-0.279389 -0.076242 2.099073
-0.262629 0.944228 3.769587
0.171696 0.421258 3.148844
0.021113 0.050665 0.233702
0.066211 0.196629 1.434131
-0.011031 0.016644 0.067065
-3.315220 0.681283 9.661092
-0.175391 0.918913 3.257282
0.468122 -0.543391 4.268909
0.003227 -0.067889 0.310679
0.348901 -0.393139 3.645762
0.054371 -0.062325 0.408075
Iteration 18:
0.004313 -0.321173 2.278552
0.838729 -0.045410 2.853352
0.020120 0.126339 0.745225
0.697330 0.106674 3.359465
-0.101771 0.008196 0.544036
-0.521438 -0.034389 3.150113
-0.000329 -0.465580 2.981009
-0.248777 0.044413 1.797069
0.039243 0.191249 1.317887
0.241030 -0.060707 1.773133
0.139457 -0.496397 3.289359
-1.227068 -0.079635 4.244522
0.080938 -0.143485 1.068344
0.014274 -1.532304 5.606723
-0.064220 0.033505 0.339486
-0.099206 0.059091 0.650775
-0.392073 -0.869058 4.289097
-1.237444 -0.069849 4.298215
-0.129654 -0.006990 0.759824
1.288836 -0.639849 5.756674
0.152765 -0.178563 1.717047
-0.102625 1.225368 4.299942
-0.033717 -0.244686 1.747001
-0.033291 0.044631 0.238336
0.002448 0.240982 1.692458
0.044842 -0.004711 0.180776
0.203131 1.384064 5.512004
-0.093412 -1.037796 2.993371
-0.054955 -0.523966 3.177824
0.011793 0.150815 0.937227
4.351649 -0.275942 11.238911
0.084517 0.227795 1.743993
0.076720 0.023378 0.389904
-0.063174 0.269017 1.990699
-2.078169 0.195171 5.990501
0.135430 -0.187797 1.680327
-0.025869 0.222768 1.559204
-0.011450 -0.119838 0.684360
0.068998 0.613799 3.311990
0.005563 0.101202 0.538453
0.108401 0.011150 0.595785
0.058590 -0.062523 0.428682
0.032598 0.223889 1.577672
0.008720 0.001936 0.027387
-2.218258 -0.141343 6.599310
-0.097785 -0.230968 1.818131
0.009155 -0.099397 0.527207
0.041232 -0.044062 0.265351
0.229213 -0.040276 1.633954
0.033866 -1.080415 3.028421
Iteration 19:
0.055955 -0.928471 2.674769
-0.945782 -0.034065 2.612366
-0.029535 0.305091 2.187143
0.108749 -0.081652 0.821061
0.030877 -1.275670 4.513249
-0.198093 0.010092 1.338278
-0.071762 0.812839 2.997138
-0.259607 -0.032633 1.861748
0.128267 0.161893 1.455274
-0.029020 0.126208 0.758904
0.190214 -0.134925 1.694715
0.117416 1.886778 5.295843
0.115275 0.000287 0.644048
3.204898 -0.234188 8.813814
0.166479 -1.582611 5.916513
0.116706 0.170578 1.452550
0.166517 -1.796343 5.739148
0.757623 -0.016850 3.066887
0.231755 0.012920 1.621252
-1.383891 -0.027106 5.146394
5.000000 -0.743416 11.318287
-0.087416 0.028216 0.470578
-0.130470 0.219322 1.879195
0.041105 0.002933 0.161153
0.259337 1.479250 5.953755
0.006614 0.233731 1.634550
1.072652 -0.004119 2.951127
0.013288 -0.043264 0.181699
-0.037710 0.241272 1.726175
0.407632 -1.026324 4.532130
-0.251711 -1.097966 4.167446
-0.132675 0.093253 1.049026
0.034210 0.029427 0.181130
-0.244683 0.027362 1.738501
0.010424 0.245159 1.728232
-1.034593 0.075054 2.903380
-0.300355 -0.010842 2.141000
0.010975 -0.083612 0.417360
0.150189 -0.030733 0.956742
0.090486 -0.053406 0.569705
-0.226774 0.417294 3.320695
0.013660 0.023089 0.094947
0.022372 0.001320 0.076705
0.381473 0.784608 4.268497
0.360407 -0.020497 2.521058
0.005533 -0.057225 0.248284
-0.002031 0.056118 0.240653
-0.363992 0.007703 2.535317
-0.168176 -0.280467 2.459478
-0.403054 0.114083 2.901240
Iteration 20:
0.016636 1.976735 4.899535
2.792750 -0.105800 7.555353
0.098871 -0.018859 0.533772
0.060982 0.260566 1.922907
0.137171 -0.001087 0.819514
-0.005103 0.064742 0.292192
-0.104394 0.081896 0.793323
1.549538 0.055969 5.662909
-0.126376 0.454431 3.130029
-0.240821 -0.079820 1.827552
-0.042789 0.024080 0.201990
-0.761801 1.089945 4.564015
-0.100699 0.071115 0.714627
-0.003451 0.018280 0.061805
0.023247 0.212732 1.472796
0.005169 0.648927 3.246851
0.228123 -0.607860 3.747446
0.145544 0.248822 2.155429
0.099916 -0.014882 0.536267
-0.009276 -0.123101 0.708583
1.419585 -0.116574 5.430794
-0.452250 -0.019869 2.939933
-0.928116 -0.356467 4.191589
-0.067578 -0.112352 0.778337
0.012890 0.028328 0.113640
0.013745 -0.149009 0.923659
0.022933 -1.229296 4.160196
0.089237 -0.038003 0.508266
-0.128162 -1.137040 3.747695
-0.004587 0.082710 0.407104
0.010260 0.082999 0.412580
-0.011098 -0.128430 0.752456
-0.069217 0.022349 0.341032
0.432472 -0.012031 2.861445
-0.011819 0.221311 1.534557
0.090737 0.018457 0.475297
-0.285464 0.036133 2.058370
0.258111 -0.007679 1.829157
-0.406881 1.059719 4.634931
-0.434475 0.138144 3.093410
0.112166 -0.292612 2.303042
-0.631527 -0.018265 3.256643
0.370448 1.213851 5.210229
-0.005296 -0.343640 2.418260
0.094942 -0.038592 0.548885
0.198881 -0.058377 1.428544
0.099774 0.013560 0.533796
-0.021659 -1.053015 2.853649
0.788951 -0.089698 3.120063
0.082809 0.036319 0.460934
Iteration 21:
-0.253167 0.763309 3.835992
0.309492 -0.294024 3.163202
-0.110757 1.477379 5.604060
2.350383 -0.095383 7.252875
0.275500 -0.062931 2.037119
-0.017387 0.459369 2.963827
-0.396172 -0.007948 2.700783
0.141141 0.153802 1.477802
0.202650 0.010674 1.377266
-0.072451 0.002271 0.339056
0.099259 -0.328139 2.479333
-0.029460 -0.762083 3.065251
0.303324 0.003097 2.159473
-0.199795 0.038863 1.388744
0.533125 0.023634 3.166816
0.013106 0.042752 0.178904
0.032899 1.121419 3.311109
1.363333 0.040451 5.056553
-0.008820 -0.156831 0.985993
0.013753 0.014288 0.066538
-0.284217 0.291343 3.046490
-0.124007 0.046291 0.784941
0.425278 1.364143 5.916714
-0.326202 0.018864 2.316517
-0.024338 0.102859 0.571773
-0.127053 0.620711 3.446271
-0.044645 -0.046179 0.288595
0.024843 0.157769 1.010093
-0.172841 -0.067330 1.244509
-0.814699 -0.112275 3.131077
-0.061511 -0.566243 3.260281
-0.095584 -0.094608 0.809227
-0.003420 0.051987 0.218049
0.128226 -1.222939 4.371953
-0.128132 -0.025541 0.767824
0.427609 -0.112528 2.997312
-0.001170 0.079566 0.385195
0.088810 0.267495 2.053077
0.005840 -0.020540 0.072497
-0.035886 -0.002904 0.135982
0.008425 -0.085917 0.431030
-0.087864 -0.118482 0.920151
-0.007324 0.050581 0.212655
-0.082143 -2.922328 7.088417
0.655372 0.027768 3.253599
-0.055749 0.144281 0.974189
0.183255 -0.053599 1.286068
0.014351 -0.065765 0.306790
-0.004943 -0.065643 0.297574
-4.884867 0.201636 11.011493
Iteration 22:
0.050854 -1.323506 4.848099
0.005239 -0.012267 0.042460
0.414710 -0.103744 2.923483
-0.085394 0.010891 0.429408
0.042479 -1.159885 3.627773
0.042165 -0.000315 0.165920
-0.321468 -0.012848 2.282989
0.019761 -0.826820 2.854524
-1.980197 -0.080683 5.063995
0.094427 -0.045880 0.568333
0.041570 0.002338 0.163272
-0.061106 -0.050586 0.385115
-0.009747 0.047976 0.201077
-1.080053 -0.004620 2.996776
0.537710 -0.339218 3.966547
0.007621 0.052324 0.222338
0.037665 0.134387 0.842837
-3.489531 -0.113442 9.625326
1.488178 0.067576 5.559676
-0.057166 1.073126 3.038277
-0.070062 -0.009616 0.327929
-0.065249 0.028906 0.332524
-0.124025 0.383613 2.843016
-2.245764 0.151887 6.817866
0.380953 -0.059734 2.676042
-0.178514 -0.103814 1.445271
0.160061 -0.391314 2.992235
0.008973 -0.021100 0.078798
-0.344767 -0.049491 2.463538
0.014145 -0.071789 0.343580
-0.066934 -0.015470 0.315394
0.000986 0.064908 0.292012
0.167195 0.037661 1.112495
0.016067 0.042943 0.184783
-0.333928 1.237638 5.226068
0.028965 0.122081 0.726358
-0.000500 0.047646 0.194105
0.229948 -0.224740 2.454942
-0.092739 -0.027615 0.505822
0.017100 -0.007581 0.062199
-0.050464 0.040980 0.293287
-1.027410 -0.075019 2.874604
-0.044123 -1.014906 2.733684
0.010061 0.145285 0.889851
-0.182029 0.015293 1.204900
-0.007511 0.020766 0.075396
0.004059 0.105810 0.572243
0.262346 -0.000463 1.860654
-0.243765 0.282492 2.824812
-0.195048 0.009734 1.312185
Iteration 23:
0.044987 0.077074 0.453124
0.020205 -0.014381 0.086456
-2.644494 -0.236907 8.213207
0.173000 -0.015758 1.128296
0.090712 -0.099878 0.812815
0.158576 -0.037234 1.039604
-3.412493 -0.017636 9.301644
-0.013425 -0.429407 2.849535
0.092248 -0.435345 2.978315
-0.089748 0.006809 0.456601
0.584408 0.040477 3.254410
-0.026206 -0.169256 1.108990
-0.555240 0.073795 3.264138
-0.070263 0.000298 0.324991
-0.301424 1.339152 5.592994
-0.391711 0.017537 2.682740
0.052960 -1.053129 2.916282
-0.043614 -0.025459 0.209550
0.095620 -0.414009 2.900908
0.008021 0.127922 0.746377
0.063405 1.450274 5.444991
-0.062003 -0.033079 0.325761
-0.011712 0.354828 2.485218
0.370631 0.662642 4.208193
0.061458 -0.001871 0.271505
0.107036 -0.034585 0.624545
0.037757 0.182718 1.243134
0.011857 0.044102 0.183807
-0.372005 0.118107 2.770384
0.008569 0.116150 0.653472
0.109672 0.151270 1.272718
0.055146 0.444164 2.944239
0.151388 -0.024484 0.956165
3.461627 -0.040014 9.461871
0.051964 -0.132583 0.869347
-0.774064 0.015736 3.019142
0.007849 0.013361 0.050213
0.145989 -0.030913 0.922401
0.077388 -0.080978 0.624800
-0.485083 0.035830 3.058157
0.007241 0.089162 0.452746
-3.257810 -0.088639 8.612199
0.245575 -0.085065 1.880829
-0.124576 -0.277075 2.249577
0.019142 0.090745 0.476374
0.115348 0.089749 0.908723
-0.254900 0.006242 1.803701
0.048657 -0.018321 0.217591
0.029588 -0.046469 0.234961
-0.170012 0.002354 1.095871
Iteration 24:
0.044065 0.060250 0.354055
0.010719 0.013658 0.057116
0.004102 0.022826 0.079855
-0.700345 0.147066 3.484000
-0.196782 0.524806 3.523339
0.731458 0.042256 3.158243
-0.088539 0.091014 0.746112
-0.003486 -0.013039 0.043020
0.094809 -0.002985 0.491029
-0.308091 0.002749 2.191891
0.007386 -0.037112 0.144718
0.033885 0.019783 0.151537
0.008416 0.803199 2.924650
0.094507 -0.019232 0.502995
0.017654 0.040806 0.177635
0.202230 -0.000134 1.370779
-0.804637 -0.099993 3.111787
0.011893 -0.067436 0.313943
-0.017891 0.415513 2.792833
-0.332338 0.006011 2.349619
0.021512 0.758255 3.068419
-0.002748 0.045175 0.181646
0.491667 -1.026393 4.697718
2.713262 0.000849 7.621249
0.050020 0.082866 0.507720
-0.012384 0.033031 0.132604
0.077593 -0.229055 1.729851
0.029266 0.008643 0.110930
-0.035914 -0.109443 0.645693
0.025281 -0.601002 3.253986
0.018221 -0.007812 0.066511
0.000398 0.051764 0.216217
0.090322 0.207193 1.606416
-0.282754 -1.044506 4.096287
-2.261256 -0.061445 6.659981
0.030526 -0.012795 0.122556
-0.181232 0.014153 1.197168
-0.401244 0.014661 2.726924
0.010371 0.122719 0.706289
0.339555 -0.019151 2.399286
-0.086626 -0.485277 3.132774
-1.861232 -0.140403 5.462905
0.014470 -0.081572 0.407361
0.067836 0.010977 0.315432
1.104932 0.008955 3.165741
0.045062 0.936273 2.639941
0.130576 0.003363 0.766020
0.007749 -0.034532 0.133121
0.019087 -0.091354 0.480549
0.923390 0.050246 2.664609
Iteration 25:
0.014316 -0.149008 0.924148
-0.056603 -2.011168 5.039691
0.372499 0.010073 2.581912
0.314600 0.016251 2.239911
0.383230 -0.074499 2.714851
-0.064327 0.357313 2.560256
-0.018530 0.638113 3.255499
-0.036852 0.043302 0.245096
0.385131 0.017648 2.650242
-0.004247 -0.032771 0.122287
-0.262846 0.604683 3.852255
-0.000826 0.108394 0.591190
0.356516 -0.094630 2.625246
-0.282771 -0.080109 2.133514
-0.190934 0.072329 1.408816
0.433568 0.014318 2.866633
-0.045418 -1.731474 5.538869
-0.004393 0.018909 0.064912
0.010038 0.003257 0.032812
-0.003307 0.200629 1.357469
-0.129671 0.603857 3.443863
0.050532 0.022208 0.235454
-0.080275 0.064739 0.555763
0.136137 0.019221 0.823052
-0.023487 -0.143137 0.886279
0.025545 0.797075 2.956174
0.049713 -0.050990 0.332046
-0.112485 0.022583 0.640788
0.013305 -0.030630 0.123908
-0.029264 -0.260202 1.861990
0.007759 -0.043209 0.174696
-0.007148 -0.027362 0.101152
2.549667 -0.074974 7.804838
0.069554 0.011998 0.327100
0.068221 -0.013387 0.320482
0.022200 -0.419698 2.813259
0.121394 -0.043207 0.755734
0.052359 -0.018956 0.238162
0.123499 -0.314067 2.475712
0.028317 0.135807 0.834395
5.000000 -0.087621 10.333283
-2.447785 0.074465 7.599395
-0.042599 0.424810 2.852464
-0.083603 -0.075472 0.629641
-0.040208 0.006193 0.158549
0.054156 -0.000104 0.229413
0.008336 -0.111854 0.620123
0.021335 0.010887 0.082959
-0.019226 -0.072822 0.357562
-1.030188 0.005883 2.736725
Iteration 26:
-0.018097 -0.001465 0.060106
0.031722 0.025030 0.157294
0.013064 0.008324 0.050193
0.127998 0.074152 0.921127
-0.010799 -0.988744 2.616533
-1.874647 -0.004995 5.030390
0.782190 0.031224 3.008734
-0.016532 0.688761 3.212110
0.055979 0.068283 0.446938
0.338989 0.018672 2.395571
0.021145 -0.010322 0.081237
0.008942 0.021677 0.080906
0.007461 0.942709 2.583535
-2.404842 -0.171318 7.657904
-0.141966 -0.751290 3.393691
-0.054431 -0.028501 0.271646
0.244959 -0.066934 1.820164
0.051907 0.036768 0.284758
0.015994 -0.008671 0.060251
-0.029968 -0.045849 0.233193
0.007030 -0.005604 0.027580
0.556225 -0.328907 3.971838
0.015156 0.247593 1.750255
-0.232005 0.008865 1.621256
0.158389 -0.459924 3.238951
0.300434 -0.022719 2.148868
0.065197 0.010302 0.298710
-0.013049 -0.054761 0.241528
0.014198 0.017357 0.076768
-0.588825 -0.194887 3.622483
3.963399 -0.132391 9.024808
0.140911 1.317103 5.016491
0.444256 -0.001516 2.905377
-0.060289 -0.050717 0.381487
-0.007050 0.082448 0.406536
0.007682 -0.066573 0.304854
0.186654 -0.066400 1.353573
-0.083075 -2.346353 7.208476
0.005578 0.044767 0.180905
0.005601 0.000455 0.016735
0.003984 0.003250 0.015246
-0.122415 0.009106 0.703025
-0.042401 -0.034934 0.234162
1.664879 0.114312 5.793387
-0.034127 0.000047 0.127242
0.015496 -0.925946 2.601878
0.003870 0.034922 0.131924
2.766954 0.102897 7.626629
-0.037370 -0.000150 0.142461
0.016640 -0.019219 0.089038
Iteration 27:
0.059751 -0.495064 3.114105
0.254195 -0.782454 3.822916
-0.012881 -0.021168 0.086368
-0.021076 0.025641 0.123001
-0.051345 0.036166 0.279902
0.010817 0.023497 0.090893
2.470133 0.005417 7.606554
0.011750 0.025881 0.101779
0.051754 -0.055038 0.360081
-0.774205 -0.208306 3.634287
0.066908 -1.059426 2.991908
0.283556 -0.444878 3.593410
0.010178 -0.012176 0.051581
-0.010035 0.014157 0.057083
0.052948 2.320446 7.019673
0.177423 0.002086 1.159168
0.491955 0.094490 3.167566
-0.217663 0.006831 1.501934
0.004840 -0.146805 0.900071
-0.000544 -0.089507 0.453053
-0.824416 -0.040795 2.889815
-0.251460 0.040403 1.810734
0.043658 0.064595 0.375847
-0.175146 -0.031093 1.166707
0.090888 0.013112 0.469633
0.007617 0.100184 0.531989
0.005554 -0.005715 0.024229
-0.025396 0.176353 1.167962
2.046808 0.083007 5.259092
0.055551 -0.017942 0.253519
-0.164181 -0.040988 1.094779
-0.229170 0.010017 1.598528
-0.093466 -0.084595 0.738471
-0.044597 -0.009004 0.182900
0.086395 -0.286496 2.177463
-0.292525 1.638241 6.277874
0.068151 0.142422 1.005174
0.021243 0.098047 0.531463
0.001265 -0.105977 0.572945
0.001341 0.035772 0.135012
1.780349 0.075006 5.456974
-0.001270 -0.016693 0.054796
0.029199 0.077998 0.410954
-0.147230 0.002929 0.903155
0.097050 -0.007367 0.508977
-0.008445 0.041527 0.166996
-0.251283 0.005831 1.775181
0.053466 -0.422230 2.855515
-0.036249 0.004573 0.138500
0.003520 0.108283 0.590774
Iteration 28:
0.076543 1.474729 5.536941
-0.609109 -0.116829 3.413453
-0.188005 0.401311 3.128376
-0.155880 0.027966 0.999203
0.084885 -0.359198 2.614939
-0.131356 0.019056 0.784058
-0.262433 -0.007185 1.862393
0.032072 -0.014092 0.131469
-0.447218 -2.665552 8.587639
0.014205 -0.501106 3.089076
-0.086274 0.000352 0.430570
2.314800 0.059152 6.996200
0.017824 0.610779 3.254164
0.033659 -0.010394 0.132367
0.002571 0.002513 0.010514
0.003414 -0.010228 0.033592
0.033861 1.341384 4.932607
1.263038 0.073462 4.492921
0.351083 -0.006255 2.462151
-0.110135 0.014388 0.611976
-0.009654 -0.045032 0.185801
-0.081865 0.048225 0.494621
-0.023468 -0.150433 0.946713
-0.288816 0.020609 2.065613
-0.012120 -0.006332 0.043649
-2.727196 -0.272081 8.275699
0.002353 -0.045353 0.182447
0.048972 0.032018 0.254539
-0.071116 0.011925 0.336767
-0.640472 0.133346 3.468525
-0.181820 0.111644 1.509394
0.029292 -0.031795 0.171430
-2.464035 -0.006015 7.590483
0.017191 0.022008 0.099645
0.023469 0.010466 0.090179
-0.002071 0.022254 0.076461
-0.113850 -0.048399 0.714958
0.003495 -0.055800 0.239269
-0.022060 0.051502 0.240148
0.009978 0.005581 0.035815
-0.037620 0.001928 0.143893
0.059706 -0.336236 2.430786
-0.008801 0.104730 0.566421
-0.357286 0.063423 2.558393
-0.002248 -0.041017 0.160504
0.000611 0.063317 0.282404
0.005054 0.054140 0.230652
-0.014933 -0.315865 2.247519
0.184107 0.820899 3.444933
0.011981 -0.006685 0.043811
Iteration 29:
0.589415 -0.098907 3.355733
1.215532 0.076610 4.148458
0.464634 0.113071 3.129074
-0.069943 -1.429125 5.380858
0.008298 0.051700 0.219511
0.045205 -0.002589 0.181748
0.032704 0.558129 3.216002
0.012799 0.005942 0.045208
0.016729 -0.088400 0.456638
-0.823235 -0.055245 2.922825
0.030699 0.021705 0.143619
-0.222011 0.034822 1.565787
-0.075414 -0.123662 0.895079
-0.059073 -0.064509 0.441184
-0.070650 -0.043175 0.408333
0.162839 0.037184 1.075035
0.386693 -0.043990 2.681417
-0.015292 0.036541 0.153338
0.055926 0.062206 0.414563
-0.004741 -0.009460 0.032908
-0.179931 0.447589 3.266204
0.047157 1.098764 3.176118
0.168223 -0.004462 1.081023
-0.101227 0.085162 0.790272
-0.320311 0.055101 2.324286
0.008134 0.014582 0.054635
-0.681094 -0.334378 4.123577
0.072303 -0.001942 0.338047
-0.001596 -0.065758 0.297242
0.001375 -0.035049 0.131642
0.014971 -0.012616 0.065555
0.087489 -0.052272 0.545827
0.384164 -0.002332 2.640890
-0.002032 0.131959 0.777011
-0.006333 -0.090760 0.463461
0.000484 0.008273 0.025266
-0.068307 -0.062284 0.476636
-0.001846 0.000749 0.005739
0.016961 -0.045404 0.198548
-0.020070 -0.093927 0.500169
0.004415 0.054490 0.232289
-0.008393 -4.835173 10.498242
0.052361 -0.004360 0.220483
0.001397 -0.033602 0.124962
-0.085306 0.378670 2.715920
-0.014943 0.001581 0.048503
0.134253 -0.018366 0.806672
-1.642543 0.017103 5.661431
0.056948 0.259378 1.904478
-0.005085 -0.021463 0.075291
Iteration 30:
0.341734 0.096977 2.550773
0.217692 3.613706 9.974038
-0.093749 -2.617516 7.862231
1.157299 0.019091 3.575266
0.063662 -0.058822 0.435611
-0.023642 0.023529 0.123751
0.075486 0.011609 0.364237
-0.008833 0.014588 0.055964
0.012140 0.036218 0.146464
-0.005971 0.046787 0.191587
0.020341 -0.026587 0.124301
-0.007664 0.013393 0.049975
-0.016916 -0.263657 1.876648
-0.000609 0.006831 0.020649
-0.000460 -0.008524 0.026085
-0.016164 -0.006164 0.056879
-0.013234 0.334061 2.362604
0.093270 -0.027663 0.509632
-0.011144 -0.102172 0.549160
0.129644 0.030120 0.788338
0.015711 0.008074 0.058253
-0.001720 -0.004683 0.014772
-0.002150 -0.027708 0.099040
1.655125 0.004352 5.647216
-0.005635 0.117225 0.660375
-0.012580 -0.049120 0.210511
0.274308 -0.067150 2.038903
1.964432 -0.273104 6.095196
0.028887 0.007964 0.108497
0.040279 -0.026845 0.198310
0.584211 0.001555 3.233528
-0.011341 0.187676 1.250225
-0.877873 0.029741 2.712200
-0.143557 0.304904 2.497780
-1.119645 -0.046281 3.323184
0.073139 -0.001122 0.343272
0.001592 -0.033734 0.125607
-0.020199 0.184278 1.228827
0.012031 -0.845597 2.788723
0.798164 -0.271954 3.882988
0.009069 0.009569 0.041911
0.022347 -0.014085 0.093204
0.248271 -0.037164 1.780507
0.012568 -0.074483 0.358801
0.156586 0.001162 0.981610
0.022741 -0.091460 0.487320
-0.139392 -0.235118 2.033425
-0.013644 -0.057700 0.258750
0.079023 -0.640520 3.332908
-0.002034 -0.004945 0.015883
Iteration 31:
-0.024780 0.012444 0.098791
0.057163 0.154949 1.064549
0.082254 0.114065 0.860404
-0.024544 0.010134 0.093782
0.223692 -0.088329 1.726404
0.083950 -0.768894 3.156192
0.008126 -0.001953 0.025496
0.003292 -0.039983 0.155767
1.347119 0.159976 5.228046
0.083904 -0.020629 0.431939
0.013487 -0.040729 0.169682
0.088035 0.042950 0.515697
0.000187 0.009071 0.027853
-0.044844 -0.026244 0.217507
-0.563481 -0.005940 3.210613
-0.042570 0.016747 0.184250
-0.000233 -0.003460 0.010129
0.040031 -0.302600 2.183348
0.207836 -0.111562 1.704119
-0.479868 -0.161765 3.308194
-0.025638 -0.384886 2.654049
-0.054238 -0.038109 0.301070
-0.003344 -0.032308 0.119718
-0.016046 -0.057290 0.259976
-0.031671 -0.005580 0.118268
0.016850 -1.230270 4.163420
0.002933 0.100571 0.532949
-0.172666 0.442020 3.224844
0.032619 -0.009607 0.126695
-1.087860 -0.163745 3.618841
3.083855 0.131823 7.632324
-0.000108 0.005576 0.016604
-0.003572 0.255620 1.808771
-0.009688 0.011828 0.049459
0.115418 -0.379643 2.799164
-0.000536 0.028387 0.101628
-0.001595 0.029581 0.106991
0.028004 -0.021779 0.133571
-0.186477 0.017942 1.245220
0.657259 0.049861 3.276339
-0.027125 0.004209 0.097582
-0.009863 0.038464 0.153779
0.029486 0.059148 0.299662
-0.113890 0.053472 0.732769
-0.004647 -0.020129 0.069755
0.046378 0.218940 1.562670
0.016832 0.000344 0.055148
0.046059 -0.231300 1.662065
-0.009902 0.000792 0.030723
0.008997 0.065030 0.296521
Iteration 32:
0.023113 -0.006823 0.083557
0.622685 0.066294 3.309680
0.000126 -0.000452 0.001333
-0.011121 -0.003531 0.036623
-0.329075 0.052837 2.374984
-0.058906 0.001758 0.256565
-0.000930 -0.015285 0.049546
0.097259 0.128137 1.038357
-0.023388 0.010691 0.090260
-0.050353 0.016186 0.222504
-0.014156 0.041482 0.174385
-0.036063 0.050491 0.275384
-0.169594 -0.183002 1.849139
0.025252 -0.991309 2.635999
0.119727 1.586868 5.809217
-0.395688 -0.023052 2.705146
0.005447 -0.246896 1.740331
0.002499 0.008268 0.026415
-0.120597 0.004779 0.686555
0.009103 0.009154 0.040948
-0.000406 -0.034670 0.129763
-0.033246 0.000495 0.123214
0.003139 0.005972 0.020295
0.120677 -0.190475 1.620173
0.053371 0.108849 0.695792
0.083648 -0.110266 0.841698
0.003101 0.021559 0.074188
-0.587978 -0.268913 3.850086
0.010470 -0.003259 0.034214
-0.091719 -0.047634 0.556194
-0.121793 -0.064751 0.834614
-0.000631 -0.000305 0.001996
-0.087125 0.030676 0.474371
-0.113537 0.016371 0.640199
0.003187 0.125693 0.726649
-0.004758 -0.268468 1.907866
0.000145 0.038416 0.147482
-0.012465 -0.017629 0.073441
0.014674 -0.326557 2.316378
-0.343528 0.018154 2.422482
0.023568 0.003909 0.082697
0.005307 0.009968 0.035334
-0.139668 -0.030072 0.869026
-0.215243 -0.149407 1.948422
0.034038 -0.170942 1.136612
0.042976 -0.246652 1.777804
-2.213365 0.067249 6.327196
0.012243 0.092144 0.477604
-0.275182 -2.955554 8.079953
0.008262 0.040338 0.161002
Iteration 33:
-0.050020 -0.000746 0.206777
-0.019173 -0.267838 1.910132
-0.030068 -0.025331 0.151941
0.011230 0.025567 0.099629
0.094236 0.016766 0.497605
-0.004990 0.010669 0.037004
-0.000479 -0.022181 0.075807
-0.004143 0.002498 0.014307
0.040960 -0.090816 0.527846
-0.074392 0.008599 0.354521
0.009789 -0.076187 0.367071
-0.003143 -0.004929 0.017443
-0.040363 0.422084 2.838651
0.019286 -0.007847 0.070397
0.042377 0.020798 0.191912
0.010418 0.020624 0.079515
-0.070298 -0.010598 0.330298
-0.110389 0.008788 0.609183
0.785708 -0.101656 3.168407
0.027051 -0.024318 0.137810
-0.243399 0.054017 1.775254
0.005681 -0.004630 0.022157
-0.006180 0.043349 0.174116
-0.025560 0.505551 3.106087
0.020746 -0.000071 0.070100
0.002968 -0.138240 0.828559
0.007418 0.018708 0.067674
0.675293 -0.148782 3.508146
0.021871 0.239972 1.694904
0.078187 0.005760 0.377433
-0.011396 0.010499 0.050211
-0.618242 -0.029636 3.263496
0.000377 0.001654 0.004874
-0.028254 0.000259 0.101037
-1.399342 -0.226580 5.632493
-0.262216 -0.013585 1.863500
0.145963 0.003038 0.892598
0.022624 0.155171 0.985133
-0.013470 0.002655 0.043843
0.055132 -0.000500 0.234893
-0.052956 -0.528913 3.185645
-0.081303 -0.162865 1.219983
-0.019532 -0.039385 0.175098
0.021460 -0.017716 0.099223
-0.254056 0.023488 1.808037
-0.018814 -0.032448 0.143182
-1.648227 0.061535 5.700228
0.050585 0.393798 2.724638
-0.001057 -0.007003 0.021366
0.006094 -0.016012 0.056255
Iteration 34:
-0.100615 0.128304 1.058224
-0.001985 0.014780 0.048091
0.051517 0.002601 0.215216
0.005064 -0.048201 0.198445
0.017773 0.101730 0.553130
0.041280 -0.024717 0.196747
0.023951 -0.024144 0.126753
-0.000136 0.001443 0.004157
0.015135 0.587295 3.239126
-0.012447 -0.093026 0.484051
0.008074 0.179936 1.182356
0.003045 0.012055 0.039280
-0.031678 -0.156871 1.014082
0.077434 -0.019489 0.387389
-0.000294 -0.006681 0.020107
0.276476 -0.015701 1.972363
0.061822 -0.066058 0.462516
-0.336951 -0.003613 2.377656
0.006720 0.000176 0.020218
0.001632 -0.004271 0.013490
0.006790 -0.032384 0.122489
-0.013008 0.013938 0.063579
-0.015534 -0.062361 0.288246
0.036671 -0.019776 0.163497
-0.091444 -1.282482 4.668535
-0.653789 0.027880 3.254675
0.064680 0.013199 0.298803
0.082306 0.001397 0.403569
0.014747 0.000048 0.047490
0.004013 -0.021584 0.074879
-0.008346 0.002094 0.026307
-0.017690 0.338970 2.394867
-0.005268 -0.040493 0.159300
0.096558 0.005559 0.504504
-0.022971 0.140637 0.864958
-0.001799 0.007554 0.023568
-0.010158 -0.023163 0.088492
-0.067898 -0.007306 0.312723
0.100547 -0.024871 0.555884
-0.001286 0.238193 1.669841
-0.489131 -0.119226 3.217012
-0.000544 0.012934 0.041070
0.010096 -0.010063 0.045722
0.004223 -0.067203 0.306795
0.046977 -0.054756 0.337981
-0.010371 0.031516 0.122909
0.034542 -0.030837 0.187258
0.006552 0.300045 2.137482
0.049111 -0.005498 0.203524
-0.034237 2.355041 7.184627
Iteration 35:
-0.004894 0.146089 0.894113
0.136435 -0.043272 0.873628
-0.014391 0.000233 0.046215
0.064208 -0.009034 0.291614
-0.003045 -0.020958 0.071802
0.941824 0.073079 2.722164
0.049788 0.038031 0.279017
1.198237 0.072137 4.001879
0.007550 -0.006789 0.031463
-0.022102 0.002154 0.075887
-0.019727 -0.016894 0.091342
0.008599 0.008132 0.037202
-0.141439 0.023687 0.872611
0.076431 -0.309919 2.304621
0.053380 0.354207 2.523677
-0.069470 0.007197 0.322385
-0.547168 0.035371 3.200987
-0.007347 -0.194908 1.309923
0.030187 0.074499 0.391404
-0.016932 0.017013 0.083176
0.029005 -0.059863 0.302282
-0.006829 -0.030164 0.112754
0.016255 0.000361 0.053012
0.002763 -0.202848 1.376224
0.032141 0.542014 3.189354
0.085114 -1.149408 3.660456
0.002347 -0.003071 0.011331
-0.070504 0.004455 0.327404
0.042634 -0.000371 0.168276
0.007660 0.177717 1.163205
-0.005128 -0.015267 0.052447
-0.000051 -0.001328 0.003806
0.003660 -0.044083 0.176387
0.003222 -0.013071 0.042898
0.004229 -0.002795 0.015021
0.009819 -0.000746 0.030431
-0.015104 0.001189 0.048952
-0.002176 0.006553 0.020801
0.000336 0.358095 2.501582
0.010422 0.000130 0.032372
0.226959 0.004563 1.578476
-0.151744 -0.012913 0.945873
0.504982 -0.068905 3.153949
-0.211887 3.574432 9.944349
0.034049 -0.014141 0.140115
-0.011012 -0.213369 1.467823
0.000371 0.009297 0.028621
-0.151480 0.039048 0.984973
-0.056922 -0.009277 0.249353
-0.040749 0.055599 0.317532
Iteration 36:
-0.186614 0.009858 1.240311
0.009712 -0.023369 0.088549
-0.002486 0.007392 0.023679
-0.006367 -0.001133 0.019404
-0.072810 0.008588 0.344400
0.047604 0.260412 1.892534
0.004230 -0.014950 0.050359
0.060204 -0.099832 0.659668
0.002792 -0.004027 0.014499
0.052870 -0.036208 0.287584
-0.025196 -0.009389 0.095198
-0.029522 0.021868 0.139529
-0.160896 0.016018 1.025718
0.009705 0.024019 0.091051
0.000192 0.323723 2.294644
-0.000687 0.040529 0.157816
-0.013029 -0.034576 0.140492
-0.055082 0.056532 0.382505
0.013695 0.222756 1.547683
-0.015545 0.015572 0.075084
0.004495 0.039071 0.151908
0.005543 0.009745 0.035053
0.008720 0.021456 0.079733
0.170770 0.001589 1.102249
-0.017786 0.039223 0.170537
-0.005849 0.004145 0.021645
-0.002778 -0.002766 0.011498
0.295164 0.069863 2.191071
0.022487 0.043209 0.199894
0.050003 0.115986 0.736161
-0.039256 0.009226 0.156806
-0.016790 -0.009605 0.064648
-0.159688 0.024131 1.025185
-0.136044 0.002580 0.810447
0.190963 0.922323 3.348261
0.011665 -0.156255 0.982894
0.523631 0.029822 3.151299
0.000237 0.009613 0.029657
0.289796 0.075166 2.168143
-0.210988 0.010271 1.447437
-0.002895 -0.181607 1.195076
-0.026074 -0.000542 0.091775
-0.007440 0.008775 0.036063
-0.098444 0.091431 0.808024
0.000143 -0.002299 0.006657
-0.003125 0.001111 0.009674
-0.007250 -0.068505 0.316432
0.226215 -0.079288 1.713502
-0.013180 -0.009941 0.053938
0.028641 -0.349831 2.467301
Iteration 37:
-0.041340 -0.033258 0.223636
-0.731866 -0.242552 3.817251
0.104171 0.046999 0.639988
-0.004438 0.003820 0.017476
0.063802 -0.007687 0.288109
0.016885 0.013268 0.072979
-0.002337 0.021426 0.073285
0.015341 0.020261 0.089003
0.033184 -0.505022 3.110275
-0.020140 -0.033705 0.151667
-0.014286 -0.174283 1.137976
-0.708302 0.074351 3.261653
0.052228 0.016275 0.232604
0.016016 0.244764 1.728341
0.006875 -0.011186 0.041722
0.019578 0.002337 0.066088
0.004567 0.009838 0.033808
-0.036725 -0.357287 2.517967
-0.009760 0.046957 0.195789
-0.061169 0.018806 0.286674
0.003461 0.095125 0.493421
0.014890 0.137766 0.831572
0.079700 -0.054984 0.508284
0.000269 0.001353 0.003954
-0.004612 -0.013386 0.045375
-0.022072 0.005756 0.078315
0.000405 0.255362 1.806489
0.281949 0.107880 2.218045
0.184453 0.045832 1.275689
0.012820 -0.002793 0.041690
0.111311 -0.000687 0.613449
0.006402 -0.007218 0.029766
-0.061046 1.481013 5.532758
0.000892 -0.099202 0.522588
0.003047 0.002047 0.010740
0.002577 0.010686 0.034306
0.087324 -2.487798 7.722701
0.009892 -0.218472 1.509923
-0.000568 -0.009875 0.030581
-0.112897 0.003634 0.626110
0.018674 -0.032829 0.144431
-0.101657 -0.002144 0.540816
0.000855 -0.004284 0.012863
0.008098 -0.092597 0.477468
0.007539 0.027313 0.101388
0.109729 0.050153 0.690687
-0.016289 0.013772 0.072412
0.010672 0.000221 0.033223
0.001122 0.007652 0.023466
0.000847 0.008647 0.026583
Iteration 38:
0.213402 -0.030718 1.488221
0.001852 0.011784 0.037524
-0.012667 -0.504270 3.096725
0.085780 0.019519 0.442784
-1.177697 -0.264024 4.664810
0.133622 0.003016 0.790716
0.002822 -0.003619 0.013541
0.014516 -0.060420 0.275497
0.002734 -0.102226 0.545138
0.000039 0.002862 0.008313
-0.012735 -0.046986 0.199637
-0.026833 0.006471 0.098237
-0.039338 0.049805 0.283931
-0.108018 0.127196 1.093339
0.003350 0.001652 0.010935
0.038859 -0.046323 0.266035
0.020192 -0.020534 0.103420
0.011997 0.009155 0.048738
0.014026 -0.001019 0.045035
-0.056345 0.021091 0.263964
0.068631 -0.046857 0.410553
0.014131 -0.327335 2.321032
0.104228 -0.000636 0.559784
0.024588 -0.010740 0.094959
0.064821 -0.025191 0.320928
-0.002380 0.000496 0.007035
0.028105 0.001355 0.100531
0.111532 -0.007900 0.617391
0.003360 -0.020102 0.068668
-0.004507 -0.289265 2.061118
0.001288 0.001861 0.006537
-0.059731 -0.009482 0.265630
0.120175 0.002029 0.682569
0.077866 -0.501955 3.161549
-0.000250 -0.006547 0.019672
-0.405063 -0.026058 2.751089
0.010927 0.022423 0.087047
-0.027891 0.049095 0.242724
0.002402 0.053460 0.225842
-0.006822 -0.036227 0.140059
0.000472 0.161231 1.020937
0.025597 0.000195 0.089757
-0.099067 -1.515507 5.671294
-0.353887 -0.055457 2.525317
-0.011832 0.229697 1.603776
0.226191 0.000396 1.571648
-0.001150 -0.018727 0.062413
-0.017074 -0.031142 0.133744
-0.001494 0.007254 0.022409
0.002943 -0.001496 0.009627
Iteration 39:
-0.037980 0.014202 0.157931
0.006478 0.549490 3.189876
0.015486 -0.012418 0.066611
-0.010054 -0.007206 0.039057
0.004569 0.011734 0.039834
-0.104480 0.175295 1.424120
0.046666 -0.005985 0.190963
-0.000040 -0.003419 0.009983
-0.000772 0.010083 0.031325
0.011698 0.005287 0.040692
0.058800 0.002700 0.256164
0.003546 0.094975 0.492368
0.092414 0.025916 0.500017
-0.138813 -0.008859 0.835540
-0.005247 -0.001818 0.016529
-0.132017 -0.012750 0.782747
-0.072356 -0.071117 0.543287
0.006494 -0.005451 0.025893
0.003807 0.021735 0.075325
0.092655 -0.028907 0.508073
-0.011984 0.000738 0.037794
0.021119 -0.024657 0.119693
-0.071773 0.001868 0.334674
0.019736 -0.000646 0.066201
-0.266926 -0.053424 1.953130
0.004448 -0.008424 0.029359
-0.011683 0.081342 0.402765
-0.014413 -0.002719 0.047204
0.008508 -0.316193 2.247031
0.022412 -0.008401 0.082886
0.096334 0.007661 0.503969
-0.002283 0.002459 0.009788
-0.912451 -0.134973 3.032391
-0.003104 -0.068396 0.313784
-0.059124 0.000955 0.257721
0.690216 0.054836 3.251164
0.003677 -0.151777 0.941431
0.012030 -0.974059 2.595708
0.029700 -0.096566 0.537296
-0.001974 -0.009101 0.028649
-0.007354 0.302718 2.156129
0.294163 -0.048551 2.139155
0.008538 -0.040173 0.160482
-0.033632 1.955438 4.914467
-0.002153 0.094416 0.488036
-0.000462 -0.005804 0.017371
-0.008201 -0.054156 0.232901
-0.004759 0.003275 0.017228
0.000378 -0.004427 0.013094
0.000911 -0.007416 0.022619
Iteration 40:
-0.040680 -0.012175 0.167453
-0.024444 -0.002976 0.085714
0.001352 0.191931 1.283154
-0.012866 0.023731 0.095657
-0.005810 -0.020890 0.073800
-0.160344 -0.049026 1.083739
-0.005558 -0.009063 0.033078
-0.122487 -0.100130 1.015312
0.027426 0.007630 0.101961
0.007997 -0.010850 0.042954
-0.002229 -0.114038 0.634632
0.111813 0.022769 0.635979
-0.031164 -0.109483 0.634629
-0.013858 -0.003189 0.045596
-0.003399 0.128066 0.745750
0.041686 0.057107 0.328699
-0.017658 -0.000022 0.058227
0.000022 -0.001798 0.005171
-0.116015 0.156138 1.343484
0.087594 1.672561 5.724128
0.014280 -0.003719 0.047525
-0.013293 -0.011271 0.057368
-0.041805 0.025213 0.200504
0.211459 0.122509 1.783322
0.156041 -0.002271 0.977119
0.003194 -0.004053 0.015305
0.006368 -0.081780 0.401656
0.014280 -0.018257 0.079814
0.004174 0.008663 0.029658
0.001492 0.003997 0.012551
-0.239621 0.429501 3.404492
0.556016 0.003419 3.199713
-0.110393 0.002552 0.606636
0.009291 0.011698 0.048188
0.001433 -0.031927 0.117364
0.001343 0.001559 0.005931
0.005563 0.020194 0.070887
0.006798 0.000096 0.020461
0.000581 0.012264 0.038737
0.003454 -0.007619 0.025524
0.001441 -0.001123 0.005256
-0.004750 -0.121250 0.691710
0.043464 -0.054622 0.323049
-0.052792 0.021095 0.244813
-0.012157 -0.006112 0.043409
1.153662 -0.016471 3.543856
0.005058 -0.122598 0.702495
0.000981 0.001833 0.005996
-0.015961 -0.001026 0.052036
0.043683 0.002153 0.173845
Iteration 41:
0.016318 -0.405091 2.745454
0.005234 0.234044 1.636724
1.713298 0.026223 5.561522
-0.002317 0.005068 0.016588
0.000738 0.046874 0.190067
-0.001707 -0.010764 0.033987
0.000070 0.000477 0.001369
-0.002879 -0.109417 0.599250
-0.024636 -0.004711 0.087612
-0.001256 0.002995 0.009467
-0.006931 0.010579 0.040026
0.004047 -0.073401 0.345619
-0.006279 -0.009204 0.034816
0.008007 0.011826 0.045818
0.001759 0.000154 0.005077
-0.053722 0.007447 0.229885
0.000195 -0.000901 0.002631
-0.089356 0.004707 0.452876
-0.401759 0.092570 2.840955
-0.154066 -0.047326 1.027456
0.003003 -0.003757 0.014219
0.026388 -0.001054 0.093159
0.021944 -0.009289 0.082457
-0.011795 0.000371 0.037083
-0.012140 0.059573 0.267535
0.001703 -0.031957 0.117559
0.157386 0.000782 0.988358
0.002213 0.001272 0.007394
0.001302 0.003902 0.012087
0.190515 0.102393 1.530090
0.004403 -0.004844 0.019656
-0.010298 0.003277 0.033672
-0.014212 0.064650 0.299926
-0.077559 0.026901 0.402754
0.000258 -0.048045 0.196206
0.059422 1.076635 3.065847
0.000312 0.031915 0.117172
0.004614 0.027403 0.099034
0.065104 -0.012849 0.300917
-0.000371 0.069919 0.322837
-0.072544 -0.013056 0.347017
-0.066660 -1.301124 4.735294
0.007576 -0.265460 1.885699
-0.079475 -0.008906 0.387918
0.026888 0.000461 0.095205
-0.000112 0.001150 0.003304
0.000728 0.008083 0.024706
0.007245 0.001822 0.022616
0.010254 -0.005483 0.036484
0.001847 -0.001770 0.007410
Iteration 42:
-0.013570 0.000446 0.043304
0.036263 0.010042 0.143716
0.000188 0.001202 0.003481
0.018454 0.002071 0.061680
0.001242 -0.130617 0.766025
-0.002128 0.003957 0.013247
0.019349 0.016685 0.089572
0.002292 0.001879 0.008617
0.519925 -0.118419 3.291388
-0.002313 -0.061090 0.269428
0.056646 -0.010461 0.248967
-0.002487 0.044444 0.177814
-0.007168 -0.000296 0.021660
0.005796 0.050826 0.212900
0.001481 0.009121 0.028409
-0.006731 -0.000618 0.020335
0.010300 -0.216033 1.489760
0.005238 -0.055926 0.240756
0.007627 0.006089 0.030140
0.012631 -0.000923 0.040086
0.028265 0.020361 0.130576
0.009209 0.007956 0.038363
0.000528 0.012807 0.040624
0.027517 0.001564 0.098058
0.017992 -0.002230 0.060008
-0.010615 -0.096888 0.510072
0.000930 0.002697 0.008286
-0.016123 -0.017788 0.083193
0.001314 -0.002605 0.008479
0.001954 0.018524 0.061899
0.033544 0.009980 0.131292
-0.019573 0.107489 0.598405
0.234983 -0.058367 1.719787
0.174395 0.065699 1.251376
0.006025 0.068515 0.315743
0.103822 -0.002532 0.556975
-0.002924 0.011877 0.038576
0.006717 0.006075 0.027798
-0.072389 0.002337 0.338670
-0.050181 -0.901872 2.697817
0.000673 0.000957 0.003346
-0.063683 0.005554 0.286055
-0.388722 0.018007 2.668312
0.003720 -0.007502 0.025550
0.000623 -0.008595 0.026352
-0.013138 -0.224743 1.563762
0.012451 -0.000048 0.039341
-0.000183 -0.005811 0.017345
-0.002054 -0.187813 1.248038
0.004898 0.009166 0.032270
Iteration 43:
0.009141 -0.010542 0.044642
0.013126 -0.002369 0.042457
0.000060 -0.000431 0.001237
0.000225 -0.001633 0.004735
-0.002882 0.005531 0.018676
0.054586 0.031014 0.279674
0.037360 0.005441 0.144302
-0.013260 0.046811 0.199493
-0.001482 0.078540 0.378430
0.171977 -0.011082 1.116000
0.002821 0.061556 0.272303
-0.065547 0.000435 0.295852
-0.037667 0.042241 0.243583
-0.761960 -0.159495 3.444210
0.013140 0.002876 0.042857
-0.006178 -0.090868 0.464142
-0.029699 0.000185 0.107322
0.005289 0.008526 0.031056
0.000151 0.000654 0.001910
-0.083522 0.005686 0.413079
0.002907 0.009795 0.031676
-0.015153 -0.001691 0.049302
-0.000590 -0.001145 0.003686
-0.065822 -0.001604 0.297635
0.028188 0.229258 1.615348
0.049452 0.027173 0.242493
0.061247 -0.021511 0.292295
0.001591 -0.068284 0.312761
-0.136445 -0.141404 1.365114
0.000243 -0.000162 0.000828
0.003569 -0.001615 0.011490
-0.006139 0.141662 0.857751
-0.037940 -1.009748 2.703874
-0.086074 0.170999 1.304566
0.007257 -0.002244 0.023020
0.001765 -0.001723 0.007138
0.001111 -0.002590 0.008184
0.037324 0.012255 0.151723
-0.000844 -0.005421 0.016319
-0.000896 0.004927 0.014832
-0.002083 0.003049 0.010806
0.000754 -0.003328 0.009962
-0.018134 -0.036637 0.159591
0.355931 -0.119687 2.694673
0.123194 -0.013252 0.712401
0.009803 -0.000267 0.030297
-0.141491 0.012847 0.860417
0.004134 -0.006205 0.022568
-0.000579 -0.000123 0.001683
0.042653 -0.003282 0.169002
Iteration 44:
0.069805 0.007796 0.324883
0.000253 -0.000380 0.001297
0.001871 -0.003035 0.010424
0.006643 0.143510 0.873280
0.002250 0.002097 0.008951
-0.035969 -0.001822 0.136037
-0.013965 -0.002583 0.045531
0.247792 0.324518 3.036876
-0.010219 0.833445 2.826689
0.002686 0.044934 0.180385
0.002764 -0.017312 0.057749
0.002584 0.031479 0.115685
-0.051594 0.028399 0.256701
-0.000698 0.000266 0.002128
-0.000456 0.091156 0.464655
0.001630 0.025029 0.087610
-0.057777 0.000375 0.249913
-0.000047 -0.004012 0.011778
0.000576 0.004206 0.012486
-0.004804 -0.002684 0.016371
0.003942 -0.016266 0.054782
-0.003524 -0.000285 0.010334
-0.006202 -0.002748 0.020411
0.026090 -0.003409 0.092752
-0.028474 0.000620 0.102013
-0.028008 0.018685 0.125180
-0.041096 0.018131 0.179981
0.046645 -0.061236 0.369400
0.014048 0.015035 0.069443
-1.312004 0.033900 4.758048
-0.006593 -0.006954 0.029547
-0.008488 0.000041 0.025927
0.050247 -0.064110 0.399450
-0.004855 0.067410 0.308337
0.000438 0.001656 0.004923
-0.024497 -0.000008 0.085189
-0.000785 -0.000883 0.003377
0.006941 -0.077511 0.373638
-0.003785 -0.040214 0.157113
0.066212 0.458359 3.011505
-0.050861 -0.141580 0.936869
-0.147128 0.781399 3.354856
0.001392 -0.004123 0.012814
-0.007418 0.000076 0.022448
0.448292 -0.003915 2.920585
0.000817 -0.000290 0.002473
0.008042 -0.008175 0.035933
-0.000409 0.003004 0.008819
0.006662 -0.010735 0.039980
0.002962 -0.013270 0.043373
Iteration 45:
-0.000420 0.001161 0.003532
-0.031670 0.001141 0.116158
0.000624 -0.011718 0.036852
-0.035184 0.005871 0.134427
-0.027131 -0.004184 0.097592
0.007811 -0.003585 0.026274
-0.000106 0.069988 0.323265
-0.019752 0.011109 0.077721
-0.115515 -0.036928 0.693827
-0.005597 -0.000006 0.016665
-0.003860 -0.003624 0.015721
0.065049 0.237504 1.757317
0.075217 0.090666 0.670789
0.000589 0.053500 0.225785
0.000325 -0.001070 0.003196
0.000129 0.000457 0.001350
0.072715 0.001879 0.340661
0.001844 0.005158 0.016292
0.005237 -0.002457 0.017252
-0.002110 0.003422 0.011802
0.061063 -0.006815 0.271270
0.003144 -0.062169 0.276023
0.004516 0.005290 0.020961
-0.001278 0.001167 0.004975
-0.060740 0.002140 0.267331
0.845801 -0.091334 2.965517
-0.000273 0.003808 0.011187
0.000377 0.006808 0.020523
0.000157 -0.000485 0.001450
-0.008654 -0.004498 0.030117
-0.026025 0.002261 0.091957
-0.338518 0.544081 3.976252
-0.000861 -0.007211 0.021944
-0.001588 0.001694 0.006711
-0.002688 -0.002739 0.011246
-0.111898 -0.471086 3.146424
-0.103666 0.020949 0.571998
-0.000951 -0.001688 0.005580
-0.000460 -0.031004 0.113101
0.042907 1.379082 5.136800
0.000757 0.002252 0.006869
-0.014696 0.014702 0.070268
0.044920 0.038958 0.260147
-0.005737 0.020099 0.070712
0.009667 0.025815 0.098085
0.008333 0.009187 0.039173
0.003947 0.009041 0.030491
0.005252 0.091656 0.469282
-0.014512 -0.000247 0.046651
0.005284 -0.000201 0.015701
Iteration 46:
0.007376 0.008462 0.035104
-0.189726 0.261604 2.451724
0.000497 0.000689 0.002423
0.003692 0.000495 0.010905
0.006167 0.013367 0.047396
0.003441 0.062229 0.276472
0.065211 0.001443 0.293900
-0.006314 0.005672 0.025923
0.003492 0.003509 0.014655
-0.002699 0.000690 0.008086
-0.000610 -0.006177 0.018583
-0.065489 0.002378 0.295753
0.006423 -0.042954 0.172312
-0.010829 0.039687 0.160824
0.002932 0.002984 0.012297
0.000559 0.002801 0.008296
-0.013471 0.003343 0.044379
0.000222 -0.000980 0.002869
-0.014061 0.003851 0.046885
-0.000140 0.039487 0.152678
0.004484 -0.000385 0.013268
0.036648 0.017648 0.158583
-0.080857 -1.086886 3.202082
0.041058 -0.184315 1.263523
0.090131 0.014647 0.466039
0.082614 0.001111 0.405625
-0.000920 -0.033386 0.123898
0.000903 0.000859 0.003568
0.000184 0.001524 0.004406
0.006019 0.000848 0.018177
-0.000893 -0.017749 0.058653
-0.053977 0.003697 0.229125
-0.029083 0.027224 0.154496
0.000376 -0.052068 0.217879
-0.002859 -0.000306 0.008352
0.003960 0.002958 0.014631
0.068430 -0.001201 0.313616
-0.000576 0.001455 0.004492
0.000603 -0.002528 0.007531
-0.050612 0.048652 0.325622
-0.015042 -0.014967 0.071972
-0.002755 0.014055 0.045965
0.007840 -0.097816 0.514816
0.972405 -0.120342 2.951884
-0.012156 0.060739 0.274299
0.001068 -0.002667 0.008344
0.042027 0.282530 2.046076
-0.321868 0.021007 2.290324
-0.092609 -0.019298 0.489676
0.001163 -0.000257 0.003408
Iteration 47:
0.000695 -0.000109 0.002004
-0.003099 0.002941 0.012569
0.001317 -0.006165 0.018888
0.000008 -0.122016 0.696989
0.002034 -0.050906 0.211754
-0.003423 -0.048978 0.201803
0.000625 -0.021092 0.071498
0.002370 0.003741 0.013048
0.003055 0.000147 0.008899
0.070752 0.001686 0.328190
0.033345 0.001378 0.123780
-0.000676 -0.001391 0.004437
0.001006 -0.008724 0.026890
-0.000538 -0.000493 0.002079
-0.038170 0.028954 0.195690
0.034900 0.018439 0.152673
0.081921 -0.001282 0.400962
0.008789 -0.000319 0.026935
-0.994451 -0.097309 2.871723
0.005111 0.007289 0.027289
0.006244 0.002880 0.020708
0.004458 -0.006090 0.022863
-0.006631 0.014017 0.050251
0.001343 0.002459 0.008133
0.000806 0.004444 0.013317
0.000503 0.001549 0.004678
0.015170 -0.009338 0.058817
0.000179 -0.000202 0.000766
-0.007562 0.037002 0.144370
0.001473 -0.000136 0.004241
-0.002933 0.058488 0.254424
-0.038432 0.012931 0.157928
-0.000717 -0.009910 0.030731
0.000186 -0.000419 0.001303
-0.000524 -0.003215 0.009497
-0.002583 0.001781 0.009137
0.004397 0.003426 0.016592
0.245671 -0.294370 2.890487
-0.002918 -0.018067 0.060659
0.005635 -0.104945 0.566321
0.007108 -0.000579 0.021524
-0.000219 0.000148 0.000750
-0.042951 -0.942729 2.631642
-0.055341 -0.036493 0.301053
-0.001127 0.000568 0.003612
-0.002419 -0.012363 0.039850
-0.031664 -0.802290 2.946716
0.188191 0.018851 1.260720
-0.066469 -0.020794 0.321435
0.003941 -0.000176 0.011571
Iteration 48:
-0.000091 -0.036105 0.136463
-0.012338 -0.001776 0.039389
-1.454113 -0.046875 5.438433
-0.001885 -0.044000 0.175395
0.007696 -0.508978 3.107240
0.003225 -0.001578 0.010497
0.253120 -0.006244 1.789750
-0.006752 0.000666 0.020415
-0.002590 0.001424 0.008593
-0.037808 -0.001368 0.144672
-0.000229 0.001787 0.005181
-0.019737 -0.008068 0.072376
0.001713 0.008603 0.026859
-0.024169 0.036377 0.173662
0.047530 -0.004995 0.194872
-0.003745 0.000264 0.010993
-0.000122 -0.000381 0.001136
-0.116337 0.176312 1.492827
-0.002898 -0.005478 0.018552
-0.000701 -0.064523 0.289658
0.000367 0.047447 0.193054
-0.007279 -0.002318 0.023159
-0.021420 0.019130 0.103074
-0.007702 -0.001349 0.023743
0.009460 0.008181 0.039536
0.002050 -0.009748 0.030814
0.323241 -0.058601 2.349305
-0.000198 0.000535 0.001621
-0.023269 0.019534 0.110359
0.002422 0.000252 0.007044
0.003823 0.002613 0.013669
0.007339 0.056793 0.247001
0.000966 0.001230 0.004488
-0.000149 0.009858 0.030472
-0.029439 -0.006255 0.109072
0.070246 -0.020762 0.344276
-0.001669 0.005477 0.017066
-0.000501 -0.000815 0.002729
0.002201 0.000056 0.006358
-0.003428 -0.000274 0.010041
-0.000208 -0.002807 0.008173
-0.001667 -0.000182 0.004819
-0.000574 -0.007406 0.022478
-0.001359 0.000210 0.003939
-0.003085 -0.014794 0.048816
-0.002774 0.031102 0.114077
-0.084102 0.012204 0.421860
0.011224 -0.051943 0.223838
-0.000417 -0.000322 0.001498
0.006757 -0.007033 0.030118
Iteration 49:
0.001376 -0.001777 0.006491
-0.003783 0.001721 0.012214
0.082086 -0.003588 0.402546
-0.000836 0.000169 0.002433
-0.000961 0.000878 0.003727
-0.003056 -0.002370 0.011337
0.001628 -0.035007 0.131497
-0.036977 0.094971 0.544488
0.035525 0.369248 2.582039
-0.006773 -0.002859 0.022232
-0.064294 0.001969 0.288440
0.009023 0.051368 0.218381
-0.002706 -0.002976 0.011808
-0.015408 -0.035400 0.148455
0.851526 -0.156085 3.244069
-0.002825 -0.000572 0.008372
-0.013827 0.005448 0.047907
0.001920 0.085233 0.423556
-0.000582 0.022349 0.076488
-0.000887 -0.001486 0.004974
0.146213 0.149285 1.480107
-0.072730 0.023905 0.365812
-0.000251 -0.001290 0.003764
0.083469 -0.021908 0.431259
-0.007425 -0.041726 0.167014
-0.044063 -0.001566 0.175652
-0.000454 -0.000180 0.001387
0.000158 0.012403 0.039174
0.000095 0.007818 0.023740
-0.000095 0.001790 0.005155
-0.000465 0.001450 0.004369
0.000128 -0.000110 0.000479
0.001133 -0.002175 0.007095
0.036769 0.003423 0.140358
0.011664 0.002353 0.037422
0.005399 0.024551 0.087844
-0.011344 0.000407 0.035535
-0.022210 0.000342 0.075913
-0.136192 0.556889 3.406955
-0.004112 0.000186 0.012094
-0.008165 -0.000887 0.025026
-0.020642 -0.018723 0.099396
-0.026001 0.014094 0.106798
0.013579 0.020548 0.085748
-0.011266 -0.000018 0.035241
-0.012301 -0.002760 0.039885
-0.005293 0.081635 0.400150
-0.002363 -0.001906 0.008831
-0.000221 0.001898 0.005502
-0.002601 0.000101 0.007543
Iteration 50:
-0.000843 0.000726 0.003178
-0.027274 -0.018028 0.120727
0.007802 0.014728 0.054524
-0.000676 -0.000427 0.002278
-0.006408 -0.007297 0.029979
-0.051248 0.006774 0.215841
0.019843 0.024666 0.116046
-0.000250 -0.000682 0.002070
-0.005887 -0.004407 0.022239
0.000273 -0.000068 0.000798
-0.014264 -0.017551 0.077542
-0.002338 0.005058 0.016586
0.001385 -0.000060 0.003974
0.003114 0.081269 0.396917
-0.001582 -0.064607 0.290260
0.000458 -0.000136 0.001358
0.121395 0.022772 0.710016
-0.002079 -0.001076 0.006768
-0.058428 -0.001604 0.253777
0.000149 -0.006217 0.018620
-0.000014 -0.002119 0.006112
-0.005969 -0.005526 0.024769
0.002132 -0.000815 0.006595
-0.000187 -0.016803 0.055030
0.000275 0.001104 0.003254
-0.003862 0.004454 0.017600
-0.011556 0.004423 0.039070
0.002316 0.032510 0.120226
-0.004759 -0.000081 0.014065
2.053713 -0.180309 5.794877
-0.001000 -0.004954 0.014976
0.001585 0.009779 0.030633
-0.033602 -0.010973 0.132935
0.000115 -0.001296 0.003726
-0.004259 0.473528 3.007066
0.005580 -0.008962 0.032826
0.011624 0.002556 0.037430
-0.155611 0.182669 1.761891
-0.005190 0.001769 0.016310
-0.002963 -0.000136 0.008625
-0.002499 0.005003 0.016650
0.007576 0.014920 0.054768
0.000418 0.007948 0.024196
-0.000172 0.001463 0.004224
-0.149862 0.718730 3.473405
0.000657 -0.001936 0.005895
0.000239 0.008921 0.027360
-0.180484 0.009383 1.187676
-0.018657 0.025315 0.115105
-0.024200 -0.001216 0.084093
