Iteration 0:
0.781934 -1.594785 6.430429
1.065740 -0.189564 3.654412
-0.124111 -1.444538 5.534126
2.177158 -1.736272 8.034098
-3.596094 -0.048681 9.624312
-3.245981 -0.420949 9.476616
0.125354 1.293343 4.831693
-2.783868 1.619022 9.264574
0.592408 1.586287 6.548385
-1.511071 1.878614 7.624760
1.747030 -0.081321 5.568340
-3.021853 0.731718 8.284166
-2.889538 0.044850 7.053825
-0.617481 -0.512203 4.443818
-2.425979 -1.433305 8.886534
-1.314420 -0.001862 4.756937
-1.330815 3.959772 10.367830
-2.780524 1.776227 8.981778
-0.721806 2.942778 8.226504
-0.619316 0.829980 4.560567
-1.128426 0.425743 4.950289
1.656991 -1.686885 7.777302
-2.787726 -1.962291 8.540422
-0.719690 -0.433956 4.383795
0.601203 2.227793 7.569957
0.529126 3.105688 9.001972
3.586763 -0.604401 10.322270
-0.518890 2.566219 8.521960
0.029275 -0.634609 3.263285
-2.817431 0.769543 8.179787
2.385343 0.759569 7.973474
0.245850 2.857655 8.001632
0.155609 0.931071 3.135798
1.008049 0.124799 3.046908
0.347527 1.600291 6.352060
0.186928 -1.282909 4.974133
-0.145507 0.172244 1.630192
2.604198 -2.160630 9.446804
0.803425 1.669473 6.403001
3.257838 4.109720 11.756821
1.691375 0.316064 6.355422
0.963487 1.433414 6.022020
0.992604 1.266024 5.220957
0.425381 2.364551 8.019136
1.065746 3.199541 8.457023
-1.800524 0.397603 6.525560
-0.749457 0.027534 3.097210
2.977628 2.172969 8.773031
1.363889 3.292011 10.003069
-0.128018 -1.075618 3.352439
Iteration 1:
-1.800524 0.397603 6.525560
-1.800524 0.397603 6.525560
-2.325908 0.898877 7.472972
-0.408022 0.077044 2.834882
0.102216 -0.515134 3.242660
0.240554 1.404505 5.686717
0.232327 1.489128 5.915623
0.613889 -0.837762 4.559345
1.198711 0.081947 4.033254
-1.066828 0.572169 4.858128
-0.680914 0.683553 4.607585
-0.347437 -1.302006 5.549586
-1.891615 -1.414208 7.437189
0.327387 2.390564 7.962485
2.805850 1.115297 7.942200
-0.554288 -0.209423 3.617762
-2.280637 -0.341768 7.592139
0.125354 1.180757 4.053079
-1.800524 0.510189 6.659199
-0.672483 0.383158 4.245914
-0.471043 0.508424 4.214442
-1.478645 -1.372303 7.251993
-0.368690 -0.715784 4.230512
-0.479018 -0.793790 4.478146
1.000629 0.315081 4.124404
0.941645 1.207259 4.790961
-1.535004 0.907169 6.244037
-3.568352 -1.401815 10.666618
1.057714 0.761379 4.430669
-0.593699 2.886743 8.571604
-2.815468 -0.609157 8.581030
1.461634 1.500126 7.472286
-1.261254 0.444960 5.561847
1.575264 -1.286578 7.145837
0.207081 0.893035 3.460579
-0.707841 0.438419 4.387765
0.818868 -1.471875 6.203519
0.714012 -1.659548 6.544604
0.098880 0.657911 3.371818
-0.749457 0.514828 4.524733
0.992604 0.778731 4.183860
0.839413 -1.053048 4.093012
-0.637386 0.075490 3.326448
-0.634813 0.883115 4.528760
1.024115 -1.176738 4.630728
1.007536 -0.387289 4.422580
0.425381 2.364551 8.019136
0.425381 2.364551 8.019136
0.227153 1.542456 6.012621
-2.044190 1.667186 7.684178
Iteration 2:
-0.083411 0.283904 2.150900
-0.345523 0.687429 4.157667
-0.444136 0.587203 4.287897
-0.718237 0.515668 4.518466
1.344039 0.081947 5.016624
-0.049061 -0.793790 3.001235
-0.925535 -0.411284 4.365027
-1.028154 -0.719121 4.484482
1.007536 0.591979 4.680861
0.892726 -1.113046 4.213627
0.096149 0.076636 0.712499
-1.197238 0.322934 4.992068
1.292177 -0.200537 5.072827
-0.183864 0.529934 3.494762
0.951938 -0.568745 4.597587
0.030088 0.652443 3.257266
0.364352 -0.802115 4.216027
0.970802 -1.116740 4.124332
-0.434483 0.075490 2.940834
-0.399141 0.119278 2.898727
0.116473 1.138523 3.704724
0.695070 0.734745 4.578915
-0.466712 0.642805 4.394592
-0.497375 1.190481 5.325834
-0.637386 0.329259 4.078850
2.805850 0.861527 7.873373
0.465176 0.080801 3.059947
0.513717 -1.337654 5.919143
0.303274 1.293423 5.402407
0.766996 0.327342 4.108132
-0.402643 -0.299303 3.517932
0.689930 -0.010095 3.207823
0.033816 0.292593 2.105884
-0.390780 -0.715784 4.286351
-1.368810 0.152209 5.307832
0.994995 0.872461 3.797760
1.730507 0.907530 6.118375
0.604300 0.716191 4.595197
-0.694968 0.871990 4.441996
-0.741156 1.494633 6.331538
-1.975487 -0.475989 6.713859
0.152771 0.740312 3.453750
0.866460 1.180757 4.735545
0.283008 -1.176738 4.738014
0.323721 0.237437 2.990202
-0.695146 0.667551 4.607292
-0.680914 0.683553 4.607585
-0.680914 0.683553 4.607585
-0.240087 0.757020 3.788401
-0.302289 0.188212 2.672188
Iteration 3:
-0.295569 0.186438 2.628018
-0.222324 -0.786027 3.680415
-0.643632 -0.217498 3.738602
0.136561 0.236460 2.028955
0.299726 0.687429 4.022745
-0.305687 -0.435292 3.635294
0.070732 -0.015572 0.338861
0.816659 -0.817264 4.228672
-0.284725 0.608818 3.922679
-0.626957 -0.189415 3.638301
0.178956 0.162361 1.778180
1.081673 0.203490 3.815797
-0.970135 -0.325849 4.113828
-0.752988 0.478719 4.474299
0.969267 0.378761 4.317750
-0.408756 0.569189 4.187803
0.033816 0.292593 2.105884
0.033816 0.292593 2.105884
-0.640335 0.683553 4.605369
0.784361 0.021593 2.992212
0.875361 -0.807297 4.118252
0.047507 0.774557 3.055551
-0.484715 0.587203 4.363266
0.144618 0.667654 3.498149
-0.395608 -0.353177 3.665886
-0.429654 -0.287117 3.560824
0.302354 0.178594 2.630340
0.898426 -0.695886 4.422846
-0.413115 1.036103 4.575237
-0.458559 0.715463 4.429183
-0.344432 -0.407839 3.675019
0.306140 -0.693580 4.044365
-0.685070 -0.958647 4.458520
0.730336 -0.569378 4.575716
-0.529544 0.316188 3.888955
-0.117553 0.659959 3.420180
-0.532344 0.639671 4.493677
-0.346069 0.447377 3.786548
-0.315261 0.512768 3.852628
-0.332229 0.430021 3.700835
0.033816 0.322933 2.309120
-1.663071 0.587690 6.629923
-0.036823 0.341700 2.428151
-0.089103 0.757116 3.200268
0.900233 0.645279 4.513782
0.852308 0.837741 4.074780
0.709223 1.077761 4.683937
0.418406 0.592188 4.241849
-1.197238 0.315158 4.966177
-0.083411 0.291680 2.203689
Iteration 4:
0.755974 0.302364 4.026612
-0.529544 0.217314 3.596047
-0.054065 0.312452 2.271924
-0.412412 0.009175 2.775944
0.701767 0.057244 3.238373
0.207410 -1.274512 4.999418
0.149899 -0.015572 0.932761
0.070732 -0.188108 1.380314
-0.277981 -0.435292 3.548174
0.124195 0.178594 1.552001
0.106701 -0.032379 0.616750
0.248006 -0.233145 2.597341
0.558689 -0.093567 3.307091
0.350489 0.104221 2.619464
-0.407976 0.388154 3.800051
0.405674 0.450449 3.951055
0.226792 0.722621 3.762580
0.664855 0.527598 4.506863
-0.370561 -0.097296 2.704975
-0.386986 0.725560 4.279935
-0.296349 0.367472 3.391145
0.302354 0.112450 2.365638
0.347017 0.523346 3.959795
0.180833 0.799804 3.468431
0.276247 0.249862 2.822958
0.784361 0.087737 3.126441
-0.413450 0.687393 4.324955
-0.323532 -0.150505 2.630275
0.757970 0.292593 3.990868
-0.074703 -0.311896 2.312955
0.860991 0.415910 4.352697
-0.270755 0.425966 3.496763
0.073615 0.703289 3.267934
0.520408 0.475009 4.243440
0.109378 0.241837 1.945058
0.120856 0.350609 2.670673
0.278567 0.021593 1.992126
-0.027912 0.187506 1.266245
-0.144885 0.295734 2.448949
0.010626 -0.807297 2.912232
0.532506 0.430021 4.173643
0.337761 0.570248 4.018043
-0.166508 -0.100250 1.336386
-0.350656 0.380942 3.614613
0.994175 0.363430 4.310372
-0.138602 0.245185 2.098219
-0.571940 -0.425891 4.228867
-0.584561 0.316188 3.981445
-0.221154 0.020515 1.539972
-0.838084 0.410751 4.339708
Iteration 5:
-0.165135 -0.217886 2.051525
0.191987 0.005256 1.284316
0.011977 0.278021 1.981752
0.193627 0.121934 1.649865
0.288323 0.048714 2.098688
-0.104343 -0.044742 0.633850
-0.381856 0.217726 3.158613
-0.175441 0.087184 1.344267
-0.511591 0.210803 3.537573
-0.086133 0.138603 1.056224
-0.098223 0.103741 0.881036
-0.176996 0.229227 2.189156
-0.111750 -0.251500 2.023810
-0.129461 -0.160646 1.453524
0.043436 -0.081605 0.475790
-0.307297 -0.048070 2.227433
0.128512 0.267261 2.201225
0.755974 -0.131047 3.343428
-0.315974 0.017271 2.249550
0.040259 -0.649131 3.268942
0.994175 0.324073 4.150687
0.122507 0.311318 2.455849
-0.035856 -0.014438 0.148673
0.259227 0.010195 1.838756
-0.317593 0.012419 2.257638
0.314522 -0.679441 4.065150
-0.407976 -0.086127 2.853662
0.327882 0.497922 3.855896
-0.323658 0.460489 3.755883
0.054439 0.295734 2.160940
-0.074703 0.106926 0.773789
-0.075130 0.178594 1.319813
-0.367449 0.240956 3.188360
0.387645 0.295189 3.455817
-0.027912 -0.231316 1.631750
0.088398 0.117377 0.915354
-0.512751 0.879358 4.526328
0.251831 0.088282 1.938140
-0.117270 0.242465 1.982903
0.081763 0.892055 2.816629
-0.386553 -0.129493 2.872958
0.197160 0.564456 3.596517
0.049998 0.212536 1.518540
0.558689 0.380715 4.106938
0.106529 -0.126892 1.082488
0.169239 -0.769633 3.471499
-0.001404 0.263079 1.866331
0.225906 0.070965 1.683907
-0.054316 0.097552 0.620356
-0.305619 -0.212723 2.797894
Iteration 6:
0.337857 0.128311 2.627260
0.077479 0.927936 2.747114
0.039156 -0.094028 0.544229
0.013079 -0.277082 1.975352
-0.355334 -0.076414 2.574426
-0.156985 -0.054456 1.072375
-0.175441 -0.056688 1.230563
-0.111750 -1.007762 2.976371
-0.184230 0.015648 1.223975
0.624230 -0.129424 3.454127
-0.265411 -0.068211 1.977083
-0.104343 -0.194417 1.569007
-0.211461 -0.076402 1.587620
-0.260970 -0.189555 2.447175
0.179544 0.094996 1.411280
0.100840 0.027638 0.563453
0.301300 -0.324847 3.252523
0.301546 -0.305880 3.178862
0.051323 -0.035530 0.277604
-0.039058 -0.017586 0.169362
-0.316640 0.198966 2.793193
-0.044534 0.076341 0.447033
-0.045638 0.006773 0.186214
0.081391 0.171817 1.290920
0.047364 -0.005565 0.194339
0.101455 -0.014438 0.547052
0.023181 0.136138 0.828515
-0.262387 -0.078943 1.985340
0.205529 0.175688 2.031026
0.187808 0.407028 3.149616
-0.003829 0.510696 3.110873
-0.524254 0.246214 3.673833
0.530185 0.220713 3.607786
-0.008798 0.267261 1.899830
-0.138608 0.087184 1.061421
-0.064745 -0.231316 1.708018
-0.963741 0.000621 2.583175
0.076410 0.267261 2.013222
0.073784 0.250274 1.880219
-0.389138 0.178594 3.046876
-0.284932 0.150021 2.405457
-0.019065 0.145271 0.897996
0.254935 0.022396 1.813828
0.256123 0.076081 1.930727
-0.007202 0.114363 0.638827
0.041284 0.100566 0.596224
0.747709 -0.399230 4.314121
0.001585 -0.068461 0.313855
-0.279557 -0.094711 2.156443
-0.181699 0.196026 2.006072
Iteration 7:
-0.095005 -0.231316 1.809870
-0.249296 -0.094711 1.942244
-0.260986 0.187870 2.438881
-0.265395 -0.144122 2.257119
-0.095263 -0.134424 1.072270
-0.358619 0.081702 2.604291
-0.027200 -0.017384 0.118854
-0.136987 0.077291 1.002501
-0.762417 0.095180 3.205804
-0.106804 -0.203224 1.647329
-0.096549 0.059092 0.632902
-0.034613 -0.114447 0.679987
0.163931 0.378706 2.951099
0.062068 0.123242 0.834531
0.056555 0.100262 0.647666
0.093092 0.644226 3.362542
-0.037333 -0.002506 0.142687
-0.099007 0.186869 1.486357
-0.086727 0.003321 0.434144
-0.192111 -0.002341 1.284787
0.077463 0.087184 0.661451
-0.036527 0.094996 0.543411
-0.270699 0.170286 2.411140
-0.110109 -0.048614 0.688203
-0.188951 0.455604 3.320197
-0.170212 -0.021322 1.110463
-0.290863 -0.021026 2.080521
-0.098853 -0.137049 1.110466
-0.313188 -0.186109 2.720582
-0.110794 -0.088035 0.868671
-0.134352 -0.053236 0.887378
0.002891 0.092879 0.477201
0.046994 -0.060106 0.364922
-0.100015 -0.169841 1.360569
-0.210250 0.040561 1.479132
-0.000666 -0.009899 0.030680
0.067466 0.063513 0.478231
0.663829 0.132490 3.462076
-0.312755 0.178594 2.686341
-0.336129 0.090831 2.501983
-0.102869 -0.058298 0.672615
0.087825 0.075695 0.655936
0.006427 0.024230 0.087554
-0.074797 -0.068461 0.542830
-0.204020 -0.038591 1.423506
-0.020107 0.070947 0.347406
-0.260970 -0.015163 1.854857
0.047364 -0.179956 1.241964
-0.058165 -0.239880 1.757716
-0.085741 -0.091658 0.733929
Iteration 8:
-0.092371 -0.054051 0.584632
0.040358 0.180814 1.232609
0.026419 0.065891 0.330066
0.016430 -0.093154 0.489495
-0.094264 -0.058202 0.614007
-0.087726 -0.072900 0.640853
-0.144692 0.062369 1.000715
-0.742324 -0.093567 3.246530
-0.115436 0.111186 1.034594
-0.165657 0.147630 1.598335
-0.088142 0.040059 0.507157
-0.099086 -0.011528 0.526817
-0.089440 -0.158051 1.219344
-0.103106 -0.136831 1.132282
-0.081361 0.051292 0.503320
-0.041893 0.047025 0.281023
-0.106537 -0.175381 1.435080
-0.130198 -0.046883 0.834735
-0.159563 -0.083366 1.203205
-0.026410 0.016233 0.113103
-0.053890 -0.277908 2.034440
0.614037 -0.310491 4.003000
-0.032178 0.091466 0.507592
-0.536434 -0.125627 3.343544
-0.051994 -0.040895 0.300270
0.052001 0.025576 0.251198
-0.097411 -0.107473 0.899931
-0.672365 -0.033327 3.244400
-0.263005 0.053440 1.923946
-0.087403 0.077593 0.663456
-0.003892 0.070947 0.329975
0.031150 -0.179956 1.207483
-0.063054 0.118039 0.800041
0.009239 0.072195 0.341015
0.007977 0.056799 0.247530
0.055005 0.067693 0.439366
0.067558 0.005090 0.309358
-0.182378 0.779882 3.510953
-0.750785 -0.455608 4.434290
-0.227751 0.123194 1.904438
-0.260986 0.058095 1.919192
-0.106804 -0.073450 0.766891
-0.097688 -0.136844 1.102700
-0.051250 -0.134629 0.883055
-0.236824 -0.009325 1.660688
-0.065904 -0.137303 0.956560
-0.213821 -0.141026 1.894219
0.512065 0.183774 3.455916
0.056555 -0.560553 3.245457
0.056555 -0.362621 2.575252
Iteration 9:
-0.100703 -0.047187 0.616114
-0.126943 -0.020341 0.750334
-0.190941 0.025275 1.291630
-0.013642 -0.094106 0.492961
-0.051266 0.047025 0.321597
-0.078769 0.040059 0.446701
-0.063775 0.100716 0.681006
-0.086682 0.094915 0.759077
0.050276 0.057507 0.365564
0.012707 0.066985 0.312119
-0.293525 0.033465 2.111979
-0.079794 0.249200 1.890625
-0.422103 -0.029059 2.828214
-1.119824 -0.026733 3.290294
-0.051994 0.011158 0.224037
-0.094092 -0.063662 0.636562
-0.089611 -0.152592 1.178426
-0.041893 -0.005027 0.166065
0.026419 0.076905 0.397502
-0.520604 0.040170 3.153528
-0.105308 -0.073125 0.755168
0.252309 -0.073225 1.893855
-0.087403 0.066578 0.607618
0.054059 0.043757 0.321446
0.676329 0.141695 3.484674
0.037329 -0.718054 3.180008
0.029407 0.136794 0.844411
-0.035675 -0.303547 2.183866
-0.061119 -0.037169 0.333854
-0.062777 0.126101 0.858763
-0.041557 0.117082 0.718173
0.018205 0.063221 0.297540
-0.766626 0.033302 3.056933
0.013597 -0.010336 0.056063
-0.046952 -0.781765 3.033532
-0.029346 0.008648 0.111273
0.002609 0.005260 0.017525
0.146768 -0.082181 1.099079
-0.057663 -0.000648 0.249269
0.052688 0.036543 0.287832
-0.066722 0.006873 0.305216
0.037370 0.109912 0.652951
-0.095419 0.099637 0.838791
0.054318 0.056726 0.379883
-0.018298 0.070947 0.344319
0.577456 0.040059 3.247074
0.059773 -0.041875 0.343245
-0.113749 0.079611 0.844850
-0.120087 0.013454 0.688057
-0.120837 -0.045528 0.758359
Iteration 10:
0.454365 -0.033079 2.956492
0.641131 -0.035610 3.267278
0.029374 0.112547 0.653814
0.026452 0.101152 0.563314
-0.015457 0.071965 0.346412
0.023579 0.075886 0.384989
0.014772 0.036543 0.152380
-0.003977 -0.005027 0.019224
0.032558 0.000597 0.120094
-0.246145 0.003024 1.733897
0.033546 0.044109 0.236851
0.046932 0.076552 0.457124
-0.004536 0.009900 0.033956
-1.042453 0.000593 2.789110
0.003419 0.006182 0.021311
-0.085240 0.083118 0.681148
-0.123892 -0.007481 0.713831
-0.155226 0.015950 0.977806
-0.044850 -0.761979 3.086312
-0.167645 0.026163 1.095302
0.012707 0.066985 0.312119
-0.056888 -0.047491 0.350622
0.012707 0.066985 0.312119
-0.044156 0.019963 0.198532
0.690830 0.037647 3.226591
-0.049846 0.494827 3.100391
-0.060086 -0.003660 0.263940
0.025706 0.052097 0.252031
-0.035435 0.122388 0.742876
0.042210 -0.005708 0.168076
-0.031652 0.193798 1.325318
-0.049374 0.076778 0.467847
-0.027277 0.016751 0.117629
-0.013025 0.067027 0.312750
-0.574572 0.000230 3.223777
-0.080495 0.052712 0.503696
-0.017329 0.021942 0.099789
-0.050821 -0.030926 0.260226
-0.063983 0.002800 0.286757
-0.093884 0.034255 0.529586
-0.067692 0.024003 0.335260
-0.362424 -0.007800 2.526692
-0.134346 0.099267 1.093350
0.608870 0.054358 3.287444
-0.007360 0.024657 0.090322
-0.030308 -0.812838 2.911168
0.033512 0.065418 0.346335
0.029470 0.059075 0.299215
0.002609 -0.053283 0.224918
-0.013642 -0.035563 0.145948
Iteration 11:
-0.007023 0.175867 1.147136
-0.004315 0.021454 0.074601
-0.568926 0.064116 3.267658
0.017988 0.003466 0.060725
-0.023762 0.011033 0.092285
-0.004471 0.188947 1.258157
0.445884 -0.037922 2.930161
-0.790277 -0.048439 3.010745
-0.477919 0.011183 3.022142
0.003554 0.027900 0.100478
-0.028753 -0.035563 0.184271
-0.016541 0.193798 1.306252
-0.017329 0.021942 0.099789
-0.027277 0.016751 0.117629
-0.032599 0.001753 0.120471
0.001174 0.001643 0.005822
-0.037839 0.008087 0.148839
-0.023400 -0.005027 0.082878
-0.114272 0.093575 0.922554
0.026858 0.082244 0.433039
-0.096165 0.911350 2.842472
0.011412 0.050571 0.216693
-0.042861 0.036377 0.241420
-0.015457 0.071965 0.346412
0.024214 -0.002389 0.084508
-0.003766 0.011069 0.036708
0.033533 0.978455 2.628123
-0.085240 0.083118 0.681148
-0.050821 -0.029992 0.257412
-0.017181 0.007289 0.062038
0.453730 0.045197 2.966316
-0.024854 -0.017398 0.110166
-0.532365 -0.023910 3.165477
-0.646266 0.019029 3.252837
0.026106 0.068323 0.343748
-0.085240 0.083118 0.681148
0.722986 0.025751 3.157971
0.668071 0.043016 3.259146
-0.561253 0.032054 3.219946
-0.010886 -0.812838 2.894281
-0.065458 0.967180 2.700698
-0.053421 0.011463 0.232163
-0.020092 0.011864 0.080439
0.038102 0.024003 0.180618
0.009378 0.047798 0.199760
0.017375 0.018459 0.088740
0.002981 0.026050 0.092366
-0.017551 0.057687 0.264688
-0.007360 0.007415 0.032456
0.032558 0.017838 0.141348
Iteration 12:
-0.629573 -0.430636 4.312518
0.025679 0.017078 0.112389
-0.068376 0.026965 0.346095
-0.497192 0.026544 3.084955
-0.023213 0.031099 0.149458
-0.044653 0.070479 0.412736
-0.018891 0.027900 0.125298
-0.000954 -0.005027 0.015169
-0.042861 0.039481 0.253247
0.009378 0.044694 0.183786
-0.012098 0.007293 0.045259
-0.012444 0.007411 0.046543
0.003753 -0.000178 0.011001
-0.010891 0.009338 0.046050
0.515053 0.053549 3.156050
0.012379 0.025611 0.101876
-0.053031 0.393862 2.728460
-0.003300 0.008821 0.029000
0.016804 0.036228 0.154932
-0.591500 -0.083634 3.325528
-0.004095 0.002480 0.014151
-0.009017 -0.017262 0.065157
0.008550 0.020748 0.076833
-0.033487 -0.005627 0.126462
0.001320 0.023468 0.081126
-0.022743 0.006234 0.081443
0.025086 0.068323 0.341424
0.010463 0.134462 0.800879
-0.017986 0.010681 0.070782
0.359954 0.021454 2.519156
-0.002091 0.490773 3.058536
0.011787 0.570929 3.221347
-0.019603 0.010933 0.076855
0.007504 -0.002389 0.023923
-0.068530 0.736615 3.194623
0.718707 0.006441 3.156590
-0.032599 0.001753 0.120471
-0.002655 0.024037 0.083899
-0.017329 0.104091 0.569982
-0.003522 0.105057 0.566436
-0.489193 0.007415 3.054691
-0.032603 -0.029992 0.176881
-0.042592 0.031108 0.221876
0.037832 0.029272 0.195299
-0.004338 0.006095 0.022649
-0.011817 0.017490 0.071530
-0.627123 -0.362837 4.156557
-0.432126 0.027541 2.868234
-0.788434 0.030859 2.989197
-0.006314 0.109649 0.602176
Iteration 13:
-0.206277 0.146003 1.868376
0.341279 0.026616 2.415203
-0.073593 0.389343 2.742568
-0.426900 0.011507 2.838612
0.003612 0.024014 0.084315
0.002284 0.020771 0.070690
-0.002091 0.070314 0.325508
-0.003300 0.429280 2.846742
-0.003788 0.002480 0.013353
-0.003829 -0.624930 3.252659
-0.028034 -0.013233 0.113094
-0.016386 0.000732 0.053540
-0.009605 -0.012001 0.049759
-0.011855 0.002150 0.037940
0.001202 0.008821 0.027291
-0.003182 0.023468 0.081850
-0.011291 0.008979 0.046335
-0.011698 0.007652 0.044733
-0.029810 -0.781031 3.010571
-0.018434 0.090913 0.476490
-0.010891 0.009338 0.046050
-0.032533 0.089215 0.493116
-0.263562 0.009338 1.871802
-0.023673 0.014467 0.098855
-0.011605 0.006182 0.041790
-0.123755 -0.003735 0.711293
-0.398926 0.005523 2.713415
-0.015476 0.006146 0.054466
-0.024504 0.031099 0.153291
-0.031308 0.001753 0.114663
0.777446 0.001734 3.004294
0.000529 0.004698 0.013968
-0.002130 -0.000754 0.006526
-0.003163 0.001822 0.010678
-0.046368 0.028070 0.229962
0.015824 0.028167 0.118969
0.195735 0.023284 1.329730
0.161564 0.022207 1.038364
-0.003623 0.010763 0.035553
-0.031631 0.015027 0.131413
0.004623 0.014092 0.047794
-0.003433 0.093168 0.479398
0.025475 0.003974 0.090533
-0.003891 0.015584 0.052289
-0.001709 -0.003970 0.012723
0.717058 0.007765 3.160253
0.919308 0.012047 2.607820
-0.114992 0.036255 0.688160
0.022746 0.032296 0.152841
-0.015645 0.046708 0.202749
Iteration 14:
-0.021915 -0.000928 0.074803
-0.034058 0.016997 0.145839
-0.003577 0.021123 0.072772
-0.010119 0.055374 0.241474
0.002187 0.017729 0.059001
0.014166 0.015136 0.070048
-0.009262 0.001260 0.028763
-0.004723 0.000136 0.013959
0.001202 -0.792566 2.957333
-0.016386 0.005840 0.057241
0.003196 0.008979 0.029374
-0.009864 0.014092 0.056515
0.049530 0.015584 0.217183
0.142315 0.023284 0.879208
0.007373 0.004755 0.026865
0.577301 0.061564 3.273687
0.309474 -0.049020 2.243458
0.014479 0.009982 0.057959
-0.000319 0.018770 0.062455
-0.001661 0.013519 0.043457
-0.011624 0.008226 0.045670
-0.011365 0.008404 0.045293
-0.017339 0.009415 0.066144
-0.015458 0.034850 0.146124
-0.003369 0.035326 0.133557
-0.026085 0.089138 0.477712
0.005550 0.077534 0.373043
-0.011291 0.002620 0.036357
0.014370 0.052817 0.232757
-0.000637 0.045664 0.183761
-0.009605 -0.005643 0.034810
-0.014576 0.673317 3.230245
-0.170369 0.130073 1.525894
-0.020084 0.044097 0.198509
-0.015318 0.032178 0.134307
-0.012026 0.408217 2.757992
-0.186351 0.072442 1.372233
0.735803 0.007625 3.118935
-0.028893 -0.004600 0.105387
-0.011855 -0.444476 2.908021
0.002284 0.015253 0.049945
0.043179 0.011706 0.179005
0.108780 -0.001499 0.594179
-0.020157 -0.377673 2.613600
-0.023353 -0.005768 0.083374
-0.012755 0.005389 0.044262
-0.011282 0.002042 0.035926
-0.003486 0.005962 0.020804
-0.001517 -0.008029 0.024889
-0.004477 0.020042 0.069278
Iteration 15:
-0.003486 0.053423 0.225974
0.005550 0.030073 0.111213
-0.024187 -0.004182 0.085394
0.038474 0.011288 0.155684
-0.001209 0.045143 0.181128
-0.002797 0.035847 0.135762
-0.022579 0.078920 0.402526
-0.023590 0.054314 0.258490
-0.010479 -0.000513 0.032602
-0.011755 0.018355 0.074259
-0.004360 0.017200 0.058552
-0.011764 0.023514 0.092683
0.219009 0.002042 1.512139
0.079182 -0.049020 0.481047
-0.003813 0.001895 0.012528
-0.015043 -0.000510 0.048593
0.140724 -0.049020 0.924392
0.809434 0.004755 2.903371
-0.011365 0.008404 0.045293
-0.009262 0.001260 0.028763
-0.770074 0.001260 3.026245
-0.011365 0.813098 2.893660
-0.026273 -0.004721 0.094368
0.000041 0.053082 0.223449
0.036999 0.055109 0.301600
-0.073656 0.057076 0.481845
-0.009460 0.010122 0.044293
0.383853 0.010076 2.640733
0.425763 -0.008029 2.832991
-0.006803 0.022491 0.081098
-0.028969 0.874382 2.720350
-0.022965 -0.001724 0.079198
-0.012755 0.005389 0.044262
0.002284 0.008255 0.026178
0.579906 0.024922 3.237281
-0.009262 0.008258 0.039194
-0.020815 0.070178 0.343957
-0.116181 0.021329 0.667208
-0.007432 0.012591 0.047038
-0.004137 -0.007908 0.027361
0.116180 0.010343 0.654899
-0.014798 0.013576 0.067513
-0.008886 0.013424 0.052421
-0.004066 0.002715 0.014466
-0.011551 0.006275 0.041778
-0.011355 0.003993 0.037898
0.000024 0.015833 0.051444
-0.016774 0.001796 0.055274
-0.003583 0.035295 0.133512
-0.004509 0.000167 0.013304
Iteration 16:
-0.009649 0.001742 0.030290
-0.010092 0.006003 0.036880
-0.009357 0.118346 0.671117
-0.009366 0.008481 0.039984
-0.016774 0.001824 0.055285
-0.013561 0.011668 0.059104
0.037236 0.013196 0.152806
-0.005239 0.006659 0.025877
0.019191 0.025216 0.116188
-0.006329 0.650156 3.246385
-0.018476 0.028938 0.128244
-0.004066 0.926998 2.594714
-0.006612 0.008255 0.032892
0.589049 0.012591 3.239668
0.186329 0.043731 1.286404
-0.098910 0.021329 0.537834
-0.003824 -0.090364 0.459651
0.008923 0.043316 0.176364
0.037330 0.009298 0.147761
-0.008146 -0.000138 0.024809
-0.006842 -0.000207 0.020608
0.115701 -0.001585 0.647454
-0.021408 0.238381 1.681659
-0.004126 0.001895 0.013392
-0.005162 0.012651 0.043612
0.069589 0.009303 0.324711
-0.003874 0.002510 0.013623
0.295019 -0.006954 2.102492
-0.009262 0.006536 0.035482
-0.004066 0.002715 0.014466
-0.004006 -0.584874 3.234299
-0.004066 0.002119 0.013530
-0.185397 0.577654 3.579362
-0.004066 0.002715 0.014466
-0.015043 0.000086 0.048562
-0.009213 0.008312 0.039194
-0.009340 0.255900 1.812543
-0.020181 0.048629 0.221232
-0.005925 0.034839 0.132876
-0.008934 0.006371 0.034241
-0.007352 0.009180 0.036947
-0.006484 -0.581592 3.231588
-0.006915 -0.006290 0.028765
-0.006993 0.040980 0.162970
-0.007126 0.861871 2.736709
-0.007861 -0.000429 0.023918
-0.070742 0.006192 0.329738
-0.049948 0.015304 0.218910
0.105926 0.009577 0.575921
-0.006520 0.002561 0.021118
Iteration 17:
-0.010670 0.037639 0.150929
-0.014749 0.017649 0.079093
-0.017384 0.011305 0.070069
-0.039175 0.012254 0.160386
-0.016984 0.024396 0.107466
-0.170719 0.439778 3.211133
-0.729602 0.008066 3.133466
-0.004399 0.002962 0.015749
0.072859 -0.002770 0.341767
-0.011170 0.009205 0.046511
-0.011604 0.010775 0.051456
0.214015 -0.004323 1.470714
0.006361 0.020661 0.073543
0.005988 0.004348 0.022389
-0.176206 0.003144 1.148918
0.027236 0.008664 0.102455
-0.009514 0.004217 0.032315
-0.009348 -0.607728 3.250012
-0.006200 0.004269 0.022800
-0.006612 0.009146 0.035309
-0.007380 0.024213 0.088570
0.014978 0.009245 0.058015
0.023578 0.025680 0.130711
0.015000 -0.273203 1.947588
0.027535 0.012561 0.109829
-0.008412 0.004577 0.029528
-0.008947 0.003597 0.029748
-0.007352 0.008289 0.034606
-0.009127 0.505958 3.100037
-0.000126 0.002887 0.008396
-0.008385 0.006626 0.033266
0.033389 0.009126 0.129507
0.019191 0.003364 0.065185
-0.008146 0.021714 0.079860
-0.007759 0.016629 0.060847
-0.005792 0.006659 0.027037
-0.006440 0.040980 0.162522
-0.007000 -0.005914 0.028154
0.103650 0.010606 0.559677
-0.006168 0.007181 0.029160
-0.008285 -0.641698 3.250592
0.021468 0.024188 0.119131
-0.007267 0.008804 0.035758
-0.011487 0.064600 0.296338
-0.012229 0.008224 0.047456
-0.005399 0.005563 0.023526
-0.015911 0.895591 2.653698
-0.007383 0.002433 0.023594
-0.005123 0.005216 0.022101
-0.004183 0.004159 0.017610
Iteration 18:
-0.007735 0.011093 0.043114
-0.007376 0.013826 0.050849
-0.011113 0.014860 0.061632
-0.013150 0.007005 0.048046
-0.011170 0.006666 0.041293
-0.000126 0.005426 0.016134
-0.006641 0.022516 0.081010
-0.004549 0.005832 0.022377
-0.012079 0.005354 0.042011
-0.007380 0.023093 0.084151
-0.006106 0.004383 0.022763
-0.006971 0.008224 0.033586
-0.007244 0.022909 0.083264
-0.006578 0.020504 0.073209
-0.005123 0.006336 0.024811
-0.013591 0.008872 0.052908
-0.008602 0.007535 0.035822
-0.011050 0.006659 0.040917
-0.013043 0.170588 1.105515
-0.013200 0.008707 0.051371
-0.006168 0.004949 0.024033
-0.946222 0.006029 2.581753
-0.780459 0.009126 2.996691
-0.041420 0.008224 0.166251
-0.334399 0.017232 2.366716
-0.007351 0.010842 0.041614
-0.011484 0.009312 0.047632
-0.022228 0.053887 0.253104
-0.011290 0.010669 0.050349
-0.007399 0.019003 0.068718
-0.014829 0.008547 0.056195
0.013361 0.005555 0.046495
-0.007954 0.008321 0.036085
0.000037 0.004468 0.013170
-0.007111 0.007523 0.032132
-0.006612 0.008921 0.034687
-0.005640 0.006330 0.025892
-0.005399 0.005789 0.024056
-0.011483 0.174415 1.137058
-0.012012 0.007315 0.045039
-0.163635 0.268325 2.365420
-0.008412 0.004992 0.030214
-0.006200 0.006501 0.027557
-0.005123 0.004801 0.021170
-0.005407 0.004986 0.022244
-0.008662 0.003826 0.029170
-0.185205 0.005090 1.226333
-0.011170 0.008464 0.044862
-0.007344 0.008381 0.034822
-0.007306 0.002856 0.023827
Iteration 19:
-0.007247 0.008811 0.035730
-0.006709 0.008491 0.033724
-0.007816 0.010104 0.040470
-0.007873 0.009311 0.038443
-0.006660 0.016389 0.058351
-0.011088 0.010781 0.050103
-0.012359 0.008470 0.048345
-0.008795 0.008558 0.038716
-0.008267 0.007427 0.034718
-0.011089 0.008269 0.044213
-0.764933 0.005741 3.041746
-0.005716 0.003874 0.020801
-0.005276 0.006383 0.025247
0.011294 0.007553 0.043338
-0.742897 0.004759 3.100947
-0.557106 0.003522 3.201342
-0.010596 0.007432 0.041063
-0.008408 0.007549 0.035356
-0.002482 0.006104 0.019795
-0.008530 0.005023 0.030607
-0.330363 0.006982 2.337519
-0.006124 0.005775 0.025694
-0.005483 0.005713 0.024065
-0.011363 0.009854 0.048558
-0.005640 0.007213 0.028130
-0.007888 0.144879 0.885242
-0.008384 0.007755 0.035774
-0.008602 0.048454 0.202437
-0.010706 -0.362755 2.529357
-0.011184 -0.493207 3.066856
-0.007371 0.013341 0.049287
-0.005681 0.005103 0.023151
-0.011219 0.011167 0.051432
-0.007372 0.014043 0.051546
-0.013517 0.965369 2.589220
-0.005886 0.005635 0.024815
-0.005399 0.006387 0.025515
-0.004919 0.005489 0.022293
-0.011667 0.009518 0.048617
-0.004549 0.005773 0.022227
-0.000605 0.005725 0.017166
-0.000126 0.568898 3.217137
-0.011050 0.006061 0.039871
-0.000870 0.004898 0.014730
-0.005261 0.004520 0.020897
-0.007383 0.013831 0.050878
-0.007393 0.018997 0.068689
-0.011634 0.008466 0.046201
-0.005123 0.006264 0.024631
-0.005123 0.004872 0.021327
Iteration 20:
-0.008142 0.008884 0.037948
-0.008204 0.006243 0.031986
-0.005718 0.004743 0.022481
-0.005428 0.005412 0.023246
-0.006104 0.003874 0.021840
-0.008130 0.009380 0.039206
-0.005286 0.008781 0.031784
-0.417540 0.007755 2.798074
0.330299 0.005166 2.336748
-0.001563 0.005445 0.016878
-0.007805 0.394880 2.694552
-0.008216 0.005747 0.031035
-0.002482 0.007197 0.023076
-0.010040 0.005309 0.035553
-0.007507 0.038697 0.152355
-0.006098 0.110057 0.605188
-0.580960 0.006377 3.230958
-0.011089 0.006790 0.041274
-0.001195 0.008470 0.026141
-0.005430 0.008653 0.031672
-0.011359 0.005738 0.040303
-0.604334 0.005725 3.247814
-0.007617 0.007788 0.033970
-0.009293 0.007060 0.036634
-0.000728 0.005766 0.017339
-0.009579 0.007984 0.039407
-0.004427 0.005732 0.021881
-0.006771 0.004591 0.024919
-0.005737 0.008740 0.032478
-0.003116 0.007508 0.024751
-0.005154 0.004787 0.021214
-0.007470 0.005023 0.027617
-0.005716 0.004234 0.021468
-0.001783 0.007795 0.024317
-0.011219 0.010074 0.048692
-0.000870 0.004538 0.013639
0.254649 0.007605 1.802136
-0.005136 0.011221 0.038956
-0.005796 0.005595 0.024512
-0.008388 0.007736 0.035737
-0.008404 0.007568 0.035392
-0.005229 0.004605 0.020999
-0.008408 0.007549 0.035356
0.907197 0.004520 2.624248
-0.010099 0.006234 0.037315
-0.006073 -0.733765 3.123386
-0.011089 0.008846 0.045472
-0.007816 0.009527 0.038894
-0.006881 -0.722828 3.148066
-0.009605 0.004872 0.033550
Iteration 21:
-0.005440 0.008968 0.032595
-0.007975 0.111368 0.616176
-0.005961 0.006070 0.025990
-0.002908 0.008581 0.027811
-0.008216 0.005747 0.031035
-0.000728 0.005766 0.017339
-0.005958 0.007300 0.029016
-0.005576 0.005227 0.023172
-0.001701 0.004705 0.014816
-0.004887 0.004576 0.020129
-0.007226 0.005854 0.028605
-0.000756 0.007334 0.022302
-0.005402 0.007085 0.027312
-0.008291 0.007736 0.035492
-0.004997 0.006713 0.025535
-0.001705 0.006156 0.019153
-0.010620 0.008111 0.042544
-0.006206 0.007420 0.029849
-0.001640 0.007432 0.023068
-0.004348 0.003874 0.017374
-0.003539 0.007795 0.026163
-0.001706 0.005808 0.018097
-0.003116 0.006027 0.020416
-0.005796 0.005595 0.024512
-0.005796 -0.448934 2.923184
0.010241 0.393105 2.686601
0.712829 0.007623 3.168558
-0.001626 -0.541585 3.175840
-0.008239 0.008884 0.038177
-0.001563 0.006927 0.021426
-0.004846 0.008317 0.029690
-0.002923 0.007661 0.024983
-0.005795 0.006442 0.026507
0.386126 0.006434 2.651287
-0.008663 0.007536 0.035985
-0.004330 0.005087 0.020084
-0.001626 0.005284 0.016450
-0.004570 0.005265 0.021012
-0.005962 0.004341 0.022306
-0.005287 -0.620888 3.252578
-0.004427 0.005639 0.021647
-0.005875 0.012529 0.044231
-0.005651 0.102940 0.551367
-0.001563 0.004580 0.014311
-0.005716 0.633999 3.252164
0.536566 0.005401 3.166906
-0.002862 0.007389 0.024084
-0.002737 0.007316 0.023717
-0.005304 0.004786 0.021564
-0.005569 0.004744 0.022116
Iteration 22:
-0.003553 0.058104 0.252415
-0.003661 0.049416 0.204232
-0.001587 0.004633 0.014489
-0.001602 0.005231 0.016270
-0.005576 0.004910 0.022484
-0.005569 0.005061 0.022792
-0.008868 0.007884 0.037306
-0.006749 0.006940 0.029875
-0.133345 0.006723 0.789651
-0.004895 0.006261 0.024161
-0.001009 0.007294 0.022269
0.850358 0.005905 2.771274
-0.560996 0.005731 3.207181
-0.001626 0.005301 0.016500
-0.003851 0.007575 0.025957
-0.005484 0.006661 0.026385
0.842024 0.004266 2.797146
-0.670331 0.004184 3.230452
-0.003938 0.006716 0.023633
-0.001246 0.006258 0.019131
0.227272 0.005254 1.581216
-0.002109 0.006767 0.021385
-0.003013 0.006053 0.020341
-0.004337 0.007248 0.025789
-0.001195 0.004650 0.014194
-0.003880 0.004991 0.018944
-0.001629 0.006140 0.019043
0.183200 0.005766 1.209387
-0.005166 0.005361 0.022534
0.202199 0.006434 1.371581
-0.864173 0.004107 2.729137
-0.008645 0.007453 0.035752
-0.001637 0.006575 0.020387
-0.007543 0.005402 0.028532
-0.006417 0.005866 0.026603
-0.005465 0.004381 0.021117
-0.005383 0.004537 0.021230
-0.002355 0.006761 0.021613
-0.004846 0.008240 0.029469
-0.003539 -0.413735 2.780803
-0.007154 0.004374 0.025588
-0.005806 0.006701 0.027170
-0.007471 0.007503 0.032932
-0.005225 0.011924 0.041330
-0.003250 0.005373 0.018811
-0.003342 -0.226476 1.574264
-0.004955 0.004611 0.020364
-0.005236 0.004751 0.021327
-0.741022 0.006764 3.106033
-0.008185 0.007041 0.033640
Iteration 23:
0.550521 0.004609 3.191289
0.916933 0.004523 2.607968
-0.002451 0.005001 0.016580
-0.002386 0.005004 0.016499
-0.133345 0.005256 0.789068
-0.004955 0.006078 0.023817
-0.004739 0.837754 2.810927
-0.003958 0.007966 0.027263
-0.004135 0.004825 0.019050
-0.004580 0.004928 0.020235
-0.001696 0.005336 0.016672
-0.003994 -0.079409 0.384774
-0.002818 0.010280 0.033170
-0.003553 0.018626 0.063178
-0.002576 0.007282 0.023436
-0.005166 0.044840 0.181021
-0.006012 0.005348 0.024481
-0.002371 0.006727 0.021529
-0.003085 0.007456 0.024557
-0.002153 0.006261 0.019894
-0.003013 0.006372 0.021258
-0.739553 0.006587 3.109614
-0.008645 0.007134 0.035046
-0.391894 0.006290 2.679772
-0.004875 0.004563 0.020073
-0.002094 0.004607 0.014996
-0.001024 0.005277 0.015975
0.923453 0.006666 2.599641
-0.004412 0.005358 0.020912
0.597784 0.004396 3.244074
-0.003528 0.788288 2.971049
-0.004851 0.006767 0.025395
-0.975363 -0.189759 3.368732
-0.002738 0.006034 0.019910
-0.002787 0.005315 0.017932
-0.002261 0.006655 0.021196
-0.002355 0.006762 0.021617
-0.002109 0.006765 0.021381
-0.004738 0.008083 0.028836
-0.004445 0.007405 0.026414
-0.004730 0.007286 0.026579
-0.005869 -0.629344 3.252796
-0.002018 0.005579 0.017718
-0.007424 0.007335 0.032418
-0.001471 0.006939 0.021402
-0.002551 -0.603482 3.247059
-0.008193 0.007489 0.034672
-0.006025 0.005587 0.025039
-0.390579 0.007056 2.673481
-0.001280 0.006450 0.019751
Iteration 24:
-0.005061 0.005327 0.022219
-0.003738 0.005336 0.019556
-0.004254 0.005291 0.020429
-0.002023 0.004973 0.015953
-0.002044 0.005154 0.016500
-0.002507 0.019956 0.067623
-0.005859 0.005463 0.024367
-0.002104 0.005184 0.016657
-0.002494 0.006024 0.019574
-0.002664 0.006018 0.019766
-0.003779 -0.067240 0.306858
-0.001280 0.005830 0.017830
-0.004412 0.005978 0.022484
-0.003474 0.004982 0.018162
-0.002173 0.018250 0.060954
-0.002380 0.006078 0.019595
-0.002115 0.005692 0.018158
-0.002899 0.006512 0.021514
-0.002690 0.007142 0.023136
-0.002260 0.325883 2.308523
-0.496770 0.682145 4.474879
-0.001868 0.005580 0.017566
-0.002190 0.005684 0.018215
-0.915238 0.006930 2.611288
-0.538084 0.005336 3.169754
-0.004335 0.006728 0.024343
-0.002427 0.005002 0.016548
-0.002153 0.006261 0.019894
0.883440 0.005720 2.676853
-0.002410 0.005003 0.016530
-0.002062 0.006515 0.020570
-0.002094 0.004794 0.015526
-0.002083 0.007129 0.022477
-0.004135 0.004638 0.018604
-0.004490 0.697432 3.195157
-0.002888 0.013804 0.045178
-0.002939 0.005788 0.019482
-0.002576 0.005603 0.018455
-0.002861 0.005899 0.019687
-0.001964 0.007092 0.022255
-0.002261 0.006655 0.021196
-0.004949 0.298279 2.124873
-0.004745 0.545553 3.183047
0.221144 -0.775524 3.688668
-0.833987 0.006655 2.823587
-0.002571 -0.005407 0.017889
-0.001358 0.006587 0.020226
-0.001394 0.006802 0.020923
-0.004289 0.006939 0.024844
-0.002348 0.044840 0.179803
Iteration 25:
-0.003474 0.004982 0.018162
-0.003474 0.004982 0.018162
-0.002387 0.005854 0.018944
-0.002419 0.005226 0.017172
-0.002643 0.005717 0.018872
-0.002597 0.005903 0.019348
-0.002533 0.005927 0.019337
-0.002900 0.005885 0.019703
-0.001834 0.006802 0.021246
-0.002458 0.406414 2.747864
-0.002421 0.005003 0.016544
0.232145 0.005002 1.621159
-0.002843 0.005964 0.019850
-0.002512 0.005959 0.019404
-0.002094 0.005697 0.018148
-0.002083 0.006227 0.019718
-0.004313 0.006078 0.022557
-0.091097 0.005463 0.465427
-0.002023 0.004975 0.015957
-0.745690 0.004981 3.093900
-0.001920 0.006412 0.020124
-0.004582 0.003212 0.016661
-0.001964 0.005645 0.017857
-0.004223 0.006939 0.024731
-0.001912 0.006260 0.019654
-0.003738 0.006782 0.023500
-0.003134 0.670574 3.230094
0.647334 0.006040 3.247785
-0.003274 0.006441 0.021825
-0.002060 0.006057 0.019184
-0.001734 0.006296 0.019607
-0.004201 0.127809 0.743891
-0.003215 -0.441290 2.894218
-0.002861 0.006591 0.021696
-0.004289 0.006247 0.022962
-0.002935 0.007320 0.023963
-0.004257 -0.065125 0.294133
-0.003309 0.017971 0.060554
0.233726 0.005758 1.634260
-0.002322 0.005175 0.016898
-0.002278 0.005512 0.017818
-0.002024 0.005431 0.017289
-0.003663 0.573128 3.222321
-0.004240 0.005218 0.020221
-0.001610 0.006124 0.018976
-0.001937 0.006147 0.019335
-0.833597 -0.201248 3.508428
-0.084211 -0.617251 3.341714
-0.004565 0.005406 0.021346
-0.002611 0.005613 0.018530
Iteration 26:
-0.004182 -0.065125 0.294103
-0.002494 0.005226 0.017272
-0.003537 0.011602 0.038220
-0.003564 0.122092 0.698037
-0.002656 0.005858 0.019293
-0.002798 0.005720 0.019089
-0.001933 0.006374 0.020020
-0.001924 0.006185 0.019438
-0.003531 0.005874 0.020635
-0.002625 0.006135 0.020060
0.100688 0.011417 0.538453
0.129564 0.005374 0.758419
-0.002867 0.005876 0.019630
-0.002894 0.006338 0.021000
-0.003746 0.006572 0.022918
-0.003377 0.006253 0.021443
-0.002024 0.005724 0.018154
-0.001937 0.830463 2.834134
-0.002278 0.003396 0.012010
-0.001937 0.005388 0.017068
-0.002322 0.005933 0.019102
-0.002023 0.004975 0.015957
-0.002023 0.004975 0.015957
-0.003027 0.004279 0.015558
-0.003289 0.471934 3.001898
0.027274 0.004795 0.098618
-0.002596 0.005995 0.019614
-0.003541 0.004540 0.017169
-0.004156 -0.050172 0.208498
0.226961 0.004999 1.578586
-0.002488 -0.009099 0.029049
-0.003172 0.005116 0.017990
-0.003874 0.004442 0.017595
-0.002721 0.005093 0.017220
-0.002226 0.005337 0.017247
-0.003791 0.005361 0.019717
-0.002218 0.005320 0.017187
-0.003196 0.005048 0.017851
-0.002085 0.005697 0.018138
-0.002069 0.006057 0.019193
-0.004392 0.005334 0.020814
-0.003648 0.005054 0.018664
-0.002036 0.006088 0.019255
-0.002071 0.005570 0.017747
-0.003129 0.003773 0.014505
-0.004242 0.005963 0.022123
-0.002806 0.004987 0.017056
-0.003496 0.082273 0.403781
0.732123 0.051182 3.170588
-0.002075 0.005675 0.018062
Iteration 27:
-0.002432 0.004727 0.015787
-0.002721 0.004021 0.014359
-0.002501 0.004948 0.016501
-0.003448 0.005168 0.018600
-0.002225 0.366978 2.550805
-0.001990 0.466880 2.985371
-0.003339 0.008345 0.027573
-0.306836 0.007030 2.184152
-0.003536 0.004540 0.017158
-0.003537 0.005874 0.020644
-0.002850 0.005600 0.018822
-0.002652 0.004987 0.016825
-0.003486 0.004540 0.017063
-0.002922 0.005876 0.019707
-0.886500 0.006057 2.669340
-0.002079 0.005634 0.017945
-0.002078 0.005633 0.017940
-0.304780 0.004966 2.169711
0.312234 0.091498 2.360290
-0.003110 0.004975 0.017510
0.017542 0.006203 0.061822
-0.002304 0.003898 0.013352
-0.003837 0.005540 0.020269
-0.003601 0.005472 0.019669
-0.002575 0.006006 0.019619
0.325019 0.005356 2.303423
-0.002517 0.005849 0.019089
-0.002358 0.229357 1.597855
-0.002149 0.005371 0.017253
-0.003500 0.005332 0.019122
-0.003110 0.005322 0.018447
-0.002283 -0.985796 2.608169
-0.002866 0.005633 0.018939
-0.002158 0.005320 0.017116
-0.002959 0.004366 0.015659
-0.002129 0.203115 1.378408
-0.003334 0.006237 0.021335
0.499731 0.005771 3.083360
-0.001967 -0.365291 2.541591
-0.002871 0.005732 0.019227
-0.002821 0.006326 0.020868
-0.004080 0.005246 0.019973
-0.002573 0.006250 0.020332
-0.002728 0.006188 0.020345
-0.003176 0.004955 0.017568
-0.003601 0.003873 0.015702
-0.003131 0.004605 0.016577
-0.402220 0.004284 2.728699
-0.003838 0.005081 0.019091
-0.003208 0.004476 0.016384
Iteration 28:
-0.002737 0.242349 1.703491
-0.002545 0.004986 0.016669
-0.003261 0.006729 0.022638
-0.003254 0.006571 0.022170
-0.343871 0.004948 2.419580
-0.002501 0.004948 0.016501
-0.002871 0.004388 0.015563
-0.003336 0.004173 0.015872
-0.002713 0.004858 0.016561
-0.003426 0.004670 0.017273
-0.002225 0.221478 1.532713
-0.003110 0.150475 0.930374
0.424410 -0.477534 4.055316
-0.003368 0.005210 0.018572
-0.003288 0.004543 0.016699
-0.002543 0.005849 0.019122
-0.002620 0.005275 0.017583
0.067353 0.004899 0.308009
-0.003378 0.005168 0.018478
-0.003404 0.006237 0.021442
-0.003285 0.432900 2.861368
-0.003280 0.006110 0.020893
-0.002933 0.004366 0.015613
-0.002602 0.005002 0.016796
-0.003017 0.004761 0.016788
-0.003375 0.004952 0.017906
-0.003597 0.004722 0.017728
-0.002567 0.005573 0.018358
0.801289 -0.591579 4.575825
-0.100544 0.004455 0.533182
-0.003155 0.004365 0.016006
-0.002764 0.004794 0.016467
-0.859510 0.005596 2.743260
-0.002880 0.004215 0.015132
-0.003554 0.004847 0.017961
-0.002782 0.004643 0.016091
-0.003222 0.007021 0.023438
-0.003131 -0.349202 2.450752
0.288242 0.005393 2.053954
-0.002829 0.004710 0.016344
-0.002195 0.006956 0.022048
-0.002400 0.004325 0.014642
-0.002405 0.004521 0.015182
-0.003536 0.004551 0.017186
-0.002835 0.005273 0.017888
-0.003101 0.005391 0.018621
-0.034548 0.004863 0.130774
-0.003586 0.004694 0.017637
-0.003499 0.005665 0.020014
-0.003524 0.004749 0.017657
Iteration 29:
-0.002399 0.031250 0.114594
-0.003325 0.670522 3.230165
-0.003357 0.005278 0.018735
-0.003290 0.006412 0.021768
-0.002933 0.004360 0.015598
-0.003274 0.004201 0.015819
-0.002855 0.004366 0.015481
-0.002906 0.004710 0.016469
-0.002962 0.004631 0.016352
-0.003557 0.004430 0.016928
-0.002737 0.019566 0.066241
0.288242 0.228176 2.780895
-0.002418 0.005175 0.017023
-0.002817 0.004424 0.015566
-0.002821 0.004679 0.016248
-0.002652 -0.643135 3.249202
-0.002501 0.005449 0.017915
-0.003404 0.005737 0.020051
-0.003311 -0.444451 2.906225
-0.003313 0.004366 0.016302
-0.003324 0.004958 0.017833
-0.002653 0.004996 0.016852
-0.002829 0.067927 0.310803
-0.003375 0.004900 0.017770
-0.002742 0.005168 0.017459
-0.003041 0.004521 0.016202
-0.003536 0.004683 0.017515
-0.002835 0.004391 0.015511
-0.002726 0.004796 0.016414
-0.002783 0.005006 0.017075
-0.003475 0.004681 0.017394
-0.003280 0.005303 0.018672
-0.003155 -0.976024 2.594187
-0.002865 0.004659 0.016266
-0.002781 0.301372 2.146012
-0.002548 0.004883 0.016386
-0.002871 0.005270 0.017932
-0.002844 0.004265 0.015200
0.370918 0.499311 3.972591
-0.111418 0.004855 0.615108
-0.002663 0.004782 0.016279
-0.002213 0.005108 0.016571
-0.002811 0.006558 0.021536
-0.003228 0.004791 0.017228
-0.002943 0.004655 0.016386
-0.002736 0.004708 0.016192
-0.002575 0.004419 0.015163
-0.002589 0.004700 0.015943
-0.002713 0.920724 2.602209
-0.003536 0.004687 0.017525
Iteration 30:
-0.002637 -0.140570 0.847725
-0.002679 -0.048603 0.199556
-0.002700 0.004720 0.016166
-0.002896 0.004423 0.015697
-0.002783 0.004391 0.015424
-0.002265 0.005108 0.016636
-0.003132 0.006277 0.021152
-0.610337 0.526136 4.456713
-0.002872 0.004589 0.016092
-0.003287 0.004760 0.017253
-0.448320 0.004394 2.920739
-0.002860 0.005242 0.017841
-0.002836 0.277680 1.976548
-0.002864 -0.747076 3.090037
-0.003159 0.004665 0.016779
-0.003278 0.004647 0.016946
-0.002657 0.397318 2.705451
-0.002269 0.528515 3.150677
-0.264253 0.005108 1.875833
-0.002213 0.005108 0.016571
-0.002638 0.004423 0.015273
0.323898 0.004517 2.296113
-0.003038 0.004210 0.015401
-0.003092 0.004357 0.015871
-0.401676 0.004479 2.726187
-0.002431 0.004858 0.016150
-0.003356 0.004780 0.017427
-0.002650 0.005099 0.017132
-0.003315 0.831174 2.831978
-0.003223 0.032489 0.120481
-0.002816 0.004619 0.016080
-0.003274 0.005090 0.018093
-0.002836 0.004343 0.015387
-0.003302 0.005254 0.018577
-0.002843 0.004314 0.015324
-0.003404 0.004847 0.017687
-0.003452 0.004730 0.017477
-0.002604 0.063356 0.282948
-0.002857 0.004385 0.015534
-0.002726 0.010020 0.032239
-0.003142 0.040125 0.156404
-0.014286 0.004432 0.048253
-0.002663 0.004782 0.016279
-0.358625 0.004782 2.504917
-0.002650 0.004394 0.015215
-0.002824 0.004512 0.015811
-0.002811 0.005419 0.018259
-0.036221 0.005500 0.138975
-0.440960 0.004494 2.893084
-0.002826 0.004451 0.015652
Iteration 31:
-0.002817 0.005074 0.017312
-0.003302 -0.205172 1.395990
-0.002820 0.021107 0.072259
-0.003218 0.016001 0.053244
0.768274 0.004558 3.031870
-0.099102 0.004893 0.522752
-0.002732 0.004411 0.015392
-0.002742 0.004355 0.015261
-0.002784 -0.699054 3.192334
-0.002690 0.005240 0.017583
-0.003256 0.181265 1.192214
-0.003218 0.654574 3.243331
-0.002849 0.004525 0.015887
-0.002847 0.004576 0.016017
-0.003208 0.028983 0.104961
-0.003146 0.009784 0.031879
-0.002693 0.004477 0.015503
-0.002857 0.004960 0.017062
-0.002860 0.004668 0.016282
-0.010556 0.004799 0.036374
-0.002781 0.004430 0.015523
-0.002760 0.369996 2.567137
-0.192330 0.004926 1.287153
-0.074767 0.004496 0.354569
-0.003022 0.004391 0.015834
-0.002966 0.004389 0.015729
-0.002776 0.004635 0.016058
-0.179987 0.004831 1.181632
-0.028537 0.005290 0.104368
-0.003004 0.624782 3.252580
-0.003137 0.210843 1.443839
-0.087545 0.004924 0.440345
-0.002665 0.005213 0.017472
-0.002833 0.004453 0.015669
-0.002702 0.004740 0.016226
-0.002797 0.004384 0.015429
-0.003050 0.004858 0.017099
-0.002656 0.005090 0.017116
-0.002867 0.005092 0.017437
-0.002865 0.004740 0.016482
-0.002734 0.004687 0.016132
-0.002825 0.004318 0.015304
-0.002718 0.004715 0.016182
-0.002758 0.004607 0.015955
-0.002768 0.004564 0.015854
-0.002748 0.004424 0.015452
-0.002910 0.004629 0.016263
-0.003359 0.004720 0.017278
0.709933 0.005971 3.173694
-0.003150 0.005086 0.017874
Iteration 32:
-0.002832 0.004368 0.015446
-0.002825 0.004403 0.015526
-0.002833 0.004921 0.016919
-0.002849 0.004357 0.015447
-0.002761 0.005087 0.017262
-0.003045 0.005089 0.017711
0.167762 0.004949 1.077222
0.597857 0.004698 3.244155
-0.002818 0.004895 0.016825
-0.002859 0.004847 0.016759
-0.002720 0.734473 3.121215
-0.002721 0.004438 0.015446
-0.002855 0.004473 0.015760
-0.002734 0.004898 0.016703
-0.002807 -0.643204 3.249187
-0.003143 0.012665 0.041436
-0.002995 -0.002353 0.011160
0.581320 0.004703 3.231070
-0.002728 0.004975 0.016907
-0.002737 0.004900 0.016713
-0.009007 -0.198189 1.338555
-0.033466 0.004446 0.125557
-0.002743 0.004431 0.015462
-0.002964 0.004567 0.016188
-0.002995 0.004484 0.016024
-0.002780 0.004493 0.015686
-0.002811 0.005013 0.017135
-0.002802 0.005045 0.017209
-0.989948 -0.766326 4.229841
-0.917115 0.006560 2.608294
-0.002679 0.004363 0.015179
-0.002794 -0.836003 2.816245
-0.002811 0.004388 0.015462
-0.003330 0.004625 0.016984
-0.003140 0.007859 0.025844
-0.002731 0.004476 0.015563
-0.002783 0.004634 0.016068
-0.002849 0.912180 2.615175
-0.002814 0.004686 0.016255
-0.079226 0.005680 0.384258
-0.103979 0.015152 0.566516
-0.002844 0.004597 0.016069
0.021429 0.005044 0.075122
0.921220 0.004494 2.601883
0.276145 0.004428 1.965403
-0.002693 0.004460 0.015460
-0.002836 0.004715 0.016369
-0.374422 0.004389 2.590846
-0.002865 0.004467 0.015761
-0.002797 0.004657 0.016149
Iteration 33:
-0.002816 0.004513 0.015800
-0.002850 0.004973 0.017086
-0.002826 0.004636 0.016143
-0.739469 0.004617 3.109434
-0.002828 0.004774 0.016514
-0.002827 0.004836 0.016679
-0.002775 0.004614 0.016001
-0.002852 0.643583 3.249041
-0.002802 0.004921 0.016872
-0.002814 0.004639 0.016129
-0.038805 0.004731 0.150761
-0.079226 0.004562 0.383768
-0.002855 0.732789 3.125175
-0.002835 0.255802 1.810089
-0.002898 0.001004 0.008925
-0.073887 0.005395 0.349297
-0.002908 0.001031 0.008981
-0.002821 0.004449 0.015639
-0.002735 0.004430 0.015449
-0.002794 0.660871 3.238777
-0.002738 0.004438 0.015474
-0.002853 0.935017 2.586916
-0.618238 0.012862 3.254044
-0.028383 0.004462 0.103100
-0.007814 0.004460 0.027604
-0.002881 0.004486 0.015836
-0.559635 0.004490 3.205105
-0.002831 0.004411 0.015557
-0.002733 0.004823 0.016498
-0.002798 0.004439 0.015573
-0.036674 0.006915 0.142233
-0.002841 0.004449 0.015672
-0.002832 -0.540157 3.173324
-0.002946 0.004446 0.015842
-0.002852 0.004373 0.015493
-0.002770 0.004476 0.015625
-0.002853 0.004433 0.015651
-0.002755 0.004465 0.015572
-0.002847 0.004392 0.015534
-0.002732 0.004551 0.015763
-0.002819 0.004761 0.016465
-0.002832 0.004502 0.015795
-0.002786 0.004507 0.015736
-0.002746 0.004944 0.016846
-0.002954 -0.000092 0.008592
-0.002890 0.002096 0.010439
-0.002820 0.004380 0.015457
-0.002823 0.004376 0.015452
-0.002855 0.004433 0.015653
-0.002832 0.004409 0.015552
Iteration 34:
-0.002921 0.000413 0.008576
-0.002849 0.004008 0.014552
-0.045426 0.004482 0.183654
-0.056843 0.005375 0.246026
-0.002890 0.001132 0.009037
-0.002954 0.000872 0.008964
0.068641 0.005829 0.316419
-0.006706 0.005495 0.026522
-0.002946 0.004446 0.015842
-0.002946 0.432223 2.858627
-0.002751 0.004456 0.015541
-0.374214 0.004447 2.589755
-0.002874 0.002239 0.010657
-0.002840 0.004233 0.015110
-0.002821 0.004429 0.015586
-0.002761 0.004476 0.015610
0.922688 0.004871 2.600057
-0.002741 0.004551 0.015777
-0.002868 0.003213 0.012674
-0.002786 0.004482 0.015670
-0.002847 0.004413 0.015587
-0.002795 0.608075 3.249102
-0.002905 0.004237 0.015233
-0.002833 -0.411274 2.769827
-0.002843 0.004427 0.015619
-0.002849 0.004395 0.015545
-0.002848 0.002096 0.010334
0.980019 0.000063 2.599075
-0.002863 0.004380 0.015529
-0.002898 0.002709 0.011641
-0.002844 0.003332 0.012902
-0.002827 0.001472 0.009287
-0.002852 0.002667 0.011450
-0.002845 0.004146 0.014895
-0.002738 0.004453 0.015513
-0.002836 0.004420 0.015589
-0.002767 0.004453 0.015560
-0.002890 -0.000092 0.008400
-0.002827 0.483704 3.038138
-0.002793 0.065494 0.295885
-0.002814 0.004485 0.015723
-0.002832 0.004434 0.015618
-0.002891 0.004836 0.016781
-0.002738 0.004438 0.015474
-0.002786 0.004507 0.015736
-0.002837 0.004437 0.015635
-0.002815 0.004540 0.015869
-0.002799 0.004769 0.016455
-0.002849 0.001622 0.009559
-0.002906 0.003802 0.014143
Iteration 35:
-0.002906 0.713392 3.166658
-0.002868 0.003258 0.012777
-0.002833 -0.254336 1.798623
-0.002836 0.004432 0.015619
-0.002873 0.002623 0.011406
-0.002856 -0.449091 2.923426
0.972262 0.004340 2.590326
-0.002780 0.004478 0.015647
-0.002905 0.002810 0.011866
0.916381 0.004446 2.608782
-0.002848 0.003190 0.012583
-0.002848 0.002914 0.011968
-0.002868 0.002829 0.011827
-0.894231 0.004422 2.650759
-0.002767 0.004481 0.015633
-0.002853 0.001509 0.009405
-0.002836 0.004420 0.015589
-0.002792 0.003793 0.013912
-0.002843 0.002973 0.012086
-0.002890 0.002586 0.011370
-0.002851 -0.343464 2.416886
0.190367 0.002315 1.269897
-0.002899 0.004136 0.014965
0.850740 0.004208 2.769688
-0.002916 0.001000 0.008973
-0.002798 0.003313 0.012765
-0.002881 0.002492 0.011160
-0.002801 0.003893 0.014178
-0.002877 0.004446 0.015726
-0.033887 0.004108 0.127280
-0.014445 0.004176 0.048540
-0.002872 0.003020 0.012251
-0.002850 0.002972 0.012098
-0.002851 0.003703 0.013799
-0.086552 0.004152 0.433191
-0.002889 0.002096 0.010436
-0.881092 0.004453 2.682526
-0.002836 0.004420 0.015589
-0.002836 0.954922 2.580330
-0.002770 0.004551 0.015824
-0.002786 0.372704 2.581592
-0.002815 0.002010 0.010102
-0.002846 0.004019 0.014575
-0.002837 0.004427 0.015608
-0.002861 0.002118 0.010405
-0.571898 0.003409 3.220879
-0.002773 0.003563 0.013313
-0.002868 0.002025 0.010259
-0.002885 0.004121 0.014903
-0.002884 0.004060 0.014746
Iteration 36:
-0.002815 0.003292 0.012750
-0.002826 0.003415 0.013060
-0.002868 0.003227 0.012708
-0.033887 0.003710 0.127070
-0.002835 -0.329380 2.330670
-0.002850 -0.050044 0.207313
0.744793 0.003789 3.096005
-0.501817 0.004392 3.088648
-0.003338 0.004011 0.015485
-0.002844 0.003893 0.014256
-0.002807 0.002972 0.012008
-0.033350 0.003990 0.124764
-0.002827 0.002709 0.011483
-0.219783 0.002274 1.518615
-0.002881 0.002492 0.011160
-0.002881 0.002492 0.011160
0.924752 0.002422 2.597020
-0.002827 0.003259 0.012698
-0.002818 0.003656 0.013624
-0.002806 0.003610 0.013488
-0.002871 0.002854 0.011886
-0.249396 0.002895 1.759717
-0.002787 0.002074 0.010146
-0.002905 0.002958 0.012184
-0.002884 0.003912 0.014375
-0.002801 0.003499 0.013213
-0.008428 0.002607 0.027024
-0.008885 0.003594 0.029554
-0.002851 0.002885 0.011909
0.059761 -0.277911 2.047097
-0.002810 0.003178 0.012477
-0.002858 0.003454 0.013215
-0.002856 -0.926636 2.594893
-0.002872 0.002715 0.011593
-0.002851 0.002881 0.011901
-0.002803 0.002145 0.010314
0.982119 0.004239 2.602629
-0.002843 -0.790111 2.965229
-0.002875 0.002653 0.011472
0.741159 0.002397 3.104991
-0.005339 0.002909 0.018180
-0.002780 0.003401 0.012938
-0.012011 0.004077 0.040155
-0.002880 0.002097 0.010416
0.425242 0.002117 2.830010
-0.002909 0.001227 0.009195
-0.002850 -0.167497 1.074488
-0.635097 -0.172994 3.589229
-0.002815 0.003805 0.013984
-0.002813 0.004408 0.015519
Iteration 37:
-0.002869 0.002253 0.010671
-0.002867 0.001683 0.009697
-0.002851 0.003553 0.013436
-0.002839 0.002957 0.012041
-0.002819 0.002524 0.011083
-0.002843 0.002203 0.010517
-0.002875 0.002653 0.011472
-0.002875 0.002653 0.011472
0.831396 0.002572 2.831160
0.084929 -0.670766 3.330728
-0.002803 0.002417 0.010835
-0.002801 0.003499 0.013213
-0.002801 0.003499 0.013213
-0.002821 -0.094893 0.491597
0.767387 0.002383 3.034162
0.335109 0.003187 2.366314
-0.002852 -0.365065 2.540417
-0.002843 -0.030087 0.109615
-0.002823 0.002185 0.010435
-0.002888 0.003130 0.012528
-0.002814 -0.016985 0.056569
-0.002872 0.002662 0.011484
0.026621 0.168288 1.101435
-0.002854 0.002697 0.011517
-0.002862 0.003555 0.013464
-0.008428 0.002660 0.027076
-0.002817 0.002562 0.011155
-0.002878 0.002281 0.010745
-0.002864 0.002829 0.011818
0.030313 -0.182261 1.225587
-0.002871 0.002443 0.011040
-0.002813 -0.877006 2.692970
-0.002791 0.002598 0.011172
-0.002788 0.003168 0.012410
-0.002885 0.003056 0.012356
-0.002862 0.002669 0.011477
-0.002880 0.002820 0.011833
-0.002830 -0.069104 0.318107
-0.002865 0.003289 0.012843
-0.002829 0.003353 0.012922
-0.002900 0.002897 0.012042
-0.007083 0.003710 0.024316
-0.002811 -0.558599 3.203465
-0.002873 0.002525 0.011208
-0.029085 0.003937 0.105793
-0.002885 -0.117187 0.659252
-0.002845 0.002629 0.011356
-0.002863 0.003121 0.012458
-0.625594 0.002790 3.252574
-0.022199 0.003297 0.076835
Iteration 38:
-0.002792 0.002662 0.011306
-0.002869 0.003168 0.012574
-0.002867 0.002406 0.010959
-0.002814 0.002292 0.010616
-0.002851 0.002524 0.011156
-0.002831 0.003121 0.012392
-0.002822 0.002490 0.011023
-0.002791 0.654601 3.243278
-0.002864 0.002963 0.012109
-0.002834 0.002643 0.011360
0.003636 0.156914 0.984741
0.020124 0.014044 0.085378
-0.002843 0.003174 0.012535
-0.002861 0.003072 0.012342
-0.002859 0.002490 0.011106
-0.089253 -0.145987 1.126719
-0.002863 0.002705 0.011552
-0.002791 0.003015 0.012070
-0.002803 0.002331 0.010666
-0.002823 0.002271 0.010597
-0.002808 0.002281 0.010580
-0.002869 0.002480 0.011110
-0.002875 0.002426 0.011015
-0.147021 0.002502 0.901338
-0.012883 0.002989 0.042056
-0.012194 0.002589 0.039392
-0.002825 0.003179 0.012509
-0.002793 0.003343 0.012825
-0.002812 -0.016365 0.054290
-0.002806 0.001797 0.009719
-0.002875 -0.592249 3.240197
-0.002875 0.002653 0.011472
-0.002855 0.002393 0.010908
-0.002862 0.002463 0.011059
0.363102 0.002571 2.529604
-0.002867 0.001937 0.010104
0.465477 0.002562 2.980748
-0.002873 0.002272 0.010716
-0.002812 0.002253 0.010539
-0.002847 0.002597 0.011296
-0.002884 0.002921 0.012058
-0.002863 0.002804 0.011762
-0.002875 0.002273 0.010723
0.997112 0.002261 2.630806
-0.005545 0.002977 0.018857
-0.004341 0.003149 0.015935
-0.002827 -0.877006 2.692972
-0.392008 0.003121 2.679895
-0.002813 0.002620 0.011266
-0.002865 0.002450 0.011042
Iteration 39:
-0.002845 0.002536 0.011166
-0.002853 0.003032 0.012236
-0.002854 0.001937 0.010073
-0.002855 0.003174 0.012561
-0.002863 0.002473 0.011082
-0.002868 0.002470 0.011087
0.658714 0.002450 3.240400
-0.002859 0.002466 0.011059
-0.002833 0.003145 0.012450
-0.002839 0.002631 0.011346
-0.002858 0.002490 0.011104
-0.002839 0.002426 0.010933
-0.002865 0.001870 0.009988
-0.002808 0.001863 0.009834
-0.002865 0.002444 0.011029
-0.002818 0.002328 0.010694
-0.002831 0.003039 0.012206
-0.002838 0.002314 0.010713
-0.002863 0.002898 0.011965
-0.012883 0.002895 0.041982
0.564586 0.002316 3.211708
-0.002838 0.002440 0.010959
-0.654095 0.002559 3.243584
-0.002825 -0.728357 3.135304
-0.002844 0.002614 0.011323
0.333686 0.002443 2.357471
-0.121436 0.002596 0.692633
-0.002816 0.002604 0.011239
-0.002865 0.002674 0.011495
-0.002844 0.002388 0.010870
-0.002850 0.002272 0.010663
-0.002832 0.002669 0.011410
-0.002863 0.002481 0.011096
0.465718 0.002271 2.981535
-0.002868 0.002385 0.010921
-0.002873 0.002369 0.010902
-0.002867 0.002354 0.010859
-0.002875 0.002441 0.011046
-0.002806 0.002009 0.010077
-0.002874 0.002294 0.010760
0.307678 0.003161 2.189139
-0.047359 0.002578 0.192955
-0.002870 0.002672 0.011500
-0.002868 0.002558 0.011262
-0.002847 0.002347 0.010799
0.762808 0.002416 3.047295
0.508346 0.002678 3.105037
-0.011572 0.002964 0.037582
-0.002865 0.002443 0.011027
-0.002856 0.002400 0.010923
Iteration 40:
0.722128 0.002528 3.148871
-0.002838 0.003057 0.012261
-0.002831 0.002603 0.011270
-0.002832 0.002339 0.010748
-0.002858 0.002661 0.011452
-0.002849 0.002851 0.011832
-0.002855 0.002441 0.010998
-0.002854 0.002391 0.010899
-0.002854 0.002880 0.011905
-0.002845 0.002717 0.011538
-0.002861 0.298926 2.129075
-0.002854 0.001870 0.009961
-0.002813 0.002141 0.010330
-0.948536 0.002051 2.580354
-0.002839 0.002506 0.011092
-0.002857 0.002608 0.011341
0.199015 0.003125 1.343723
-0.002867 0.368936 2.561452
-0.074283 -0.053874 0.471498
0.105824 0.002462 0.571963
-0.050022 0.002589 0.207116
-0.002844 0.002307 0.010714
-0.002845 0.002391 0.010879
0.252404 0.002611 1.783429
0.007914 0.003128 0.025998
0.262503 0.002103 1.861955
-0.002851 0.002308 0.010734
-0.002856 0.002392 0.010907
-0.002844 0.002396 0.010886
-0.002867 0.003086 0.012387
-0.002857 0.002760 0.011658
-0.002873 0.002318 0.010806
-0.002873 0.002345 0.010855
-0.190845 0.002235 1.273962
-0.731128 0.003039 3.129035
-0.002831 0.003039 0.012206
0.899899 0.002855 2.638228
-0.002853 0.002633 0.011380
-0.002845 0.002525 0.011143
-0.002839 0.002451 0.010982
-0.015831 0.002490 0.052153
-0.034386 0.002578 0.128886
-0.002852 0.002451 0.011013
-0.002860 0.002438 0.011007
-0.002865 0.002458 0.011056
-0.002863 0.002458 0.011053
-0.002851 0.002285 0.010690
-0.002864 0.002661 0.011465
-0.002838 0.002393 0.010867
-0.002838 0.002360 0.010803
Iteration 41:
-0.002853 0.002391 0.010897
-0.002846 0.287217 2.046178
-0.002850 0.002525 0.011154
-0.002846 0.002308 0.010722
-0.002833 0.002707 0.011493
-0.002836 0.002689 0.011461
-0.002862 0.002441 0.011016
-0.002861 0.002456 0.011043
-0.002846 0.002435 0.010969
-0.002852 0.002401 0.010915
-0.002843 0.002400 0.010892
-0.002840 0.002446 0.010976
-0.002846 0.002455 0.011007
-0.794027 0.002984 2.952840
-0.002831 0.002363 0.010792
-0.002841 0.002540 0.011165
-0.002845 0.002391 0.010879
-0.431718 0.002342 2.856551
-0.002863 0.002336 0.010814
-0.028283 0.002434 0.101610
-0.002852 0.001870 0.009957
-0.002867 0.002323 0.010798
-0.002839 0.002307 0.010702
0.201793 0.002535 1.367237
-0.002854 0.002379 0.010877
-0.002843 0.002393 0.010879
-0.002846 0.002482 0.011060
-0.002857 0.002425 0.010973
-0.002845 0.002307 0.010717
-0.002831 0.002010 0.010142
-0.002862 0.001903 0.010036
-0.002835 0.002001 0.010135
-0.002851 0.002395 0.010901
-0.002854 0.002419 0.010955
0.165548 0.002915 1.057889
-0.002858 0.002330 0.010790
0.030594 0.002528 0.111728
0.191625 0.002417 1.280651
-0.002856 0.002599 0.011321
-0.002860 0.002513 0.011154
-0.002849 0.002393 0.010893
-0.002845 0.002391 0.010879
-0.002861 0.002390 0.010915
-0.002866 0.002808 0.011778
-0.002857 0.002535 0.011192
-0.002856 0.002466 0.011052
-0.002862 0.003086 0.012376
-0.002856 0.932511 2.588994
-0.002851 0.002348 0.010809
-0.002831 0.002563 0.011190
Iteration 42:
-0.002840 0.002395 0.010875
-0.002851 0.002399 0.010908
-0.002860 0.002330 0.010796
-0.002864 0.002323 0.010793
-0.295496 0.002355 2.105043
0.047730 0.002371 0.194852
-0.002855 0.002308 0.010742
-0.002851 0.002322 0.010758
-0.002851 -0.692973 3.201901
0.192283 -0.933620 3.354451
-0.002849 0.002509 0.011119
-0.296094 0.002471 2.109252
-0.002847 0.002391 0.010883
-0.002851 0.002391 0.010893
-0.002852 0.764543 3.042398
-0.002844 0.002465 0.011022
-0.002858 0.002459 0.011041
-0.677887 0.002801 3.222098
-0.002856 0.002338 0.010802
-0.002850 0.002391 0.010890
-0.002843 0.002307 0.010711
0.882212 0.002503 2.679310
-0.002860 0.002389 0.010909
-0.002859 0.002397 0.010923
-0.002841 0.002307 0.010708
-0.366092 0.002463 2.546001
-0.002839 0.002510 0.011100
-0.002835 0.002326 0.010729
-0.002836 0.002131 0.010369
-0.118985 0.002665 0.673308
-0.002854 0.002400 0.010919
-0.002848 0.001916 0.010024
-0.002837 0.002547 0.011170
-0.002840 0.002407 0.010898
-0.002859 0.781784 2.991162
-0.002851 0.002389 0.010888
-0.002851 -0.005553 0.018692
-0.002848 -0.944866 2.581399
-0.002845 0.002477 0.011048
-0.002855 0.002309 0.010742
-0.002853 0.002174 0.010489
-0.002853 0.002075 0.010310
0.599372 0.002402 3.244847
-0.002856 0.002402 0.010927
-0.002848 0.002332 0.010772
-0.002846 0.002368 0.010837
-0.002856 0.002407 0.010936
-0.002852 0.002420 0.010951
-0.002858 -0.065588 0.296474
-0.002857 0.002390 0.010904
Iteration 43:
-0.002843 0.002350 0.010793
-0.002845 0.002377 0.010853
-0.002850 0.002357 0.010825
-0.002854 0.002343 0.010807
-0.002847 0.002307 0.010722
-0.002844 0.002391 0.010877
-0.002852 0.002321 0.010760
-0.002851 0.002319 0.010755
-0.002854 0.002454 0.011024
0.393509 0.002455 2.687140
-0.002846 0.001922 0.010027
-0.002858 0.002417 0.010959
-0.002851 0.647901 3.247110
-0.002847 0.002459 0.011017
-0.002852 0.002349 0.010816
-0.067868 0.002446 0.310343
-0.002842 0.002366 0.010824
-0.230473 0.002374 1.607016
0.012345 -0.944866 2.585340
0.032538 0.002371 0.120369
-0.002847 0.384121 2.640712
-0.002847 0.002379 0.010861
-0.002855 0.595480 3.242456
0.226691 0.002309 1.575898
-0.002854 0.002390 0.010897
-0.002848 0.002041 0.010237
-0.002848 -0.886536 2.668534
-0.002848 0.002407 0.010916
0.017801 0.002332 0.059340
-0.002856 -0.155267 0.970672
-0.002853 0.002245 0.010619
0.027081 0.002371 0.096448
-0.002853 0.002379 0.010873
-0.002852 0.002186 0.010507
-0.002853 0.002225 0.010582
-0.002855 0.002324 0.010771
-0.002836 0.002131 0.010369
-0.002854 0.002159 0.010463
-0.002835 0.002311 0.010700
-0.002849 0.002336 0.010782
-0.002848 0.039227 0.151912
-0.002843 0.002359 0.010813
-0.002859 0.002384 0.010899
-0.002851 0.002345 0.010805
-0.002852 0.002352 0.010820
-0.002854 0.002385 0.010889
-0.002848 0.002045 0.010245
-0.002849 0.002380 0.010866
-0.002855 0.002392 0.010905
-0.002852 0.002399 0.010910
Iteration 44:
-0.002843 0.002359 0.010813
-0.002843 0.002359 0.010813
0.009217 0.002283 0.029256
0.005739 0.001971 0.018142
-0.002853 0.002320 0.010761
-0.002853 0.002245 0.010618
-0.002851 0.002054 0.010266
-0.002850 0.002192 0.010512
-0.002853 -0.526903 3.147366
-0.002853 0.566177 3.213816
-0.002852 0.002266 0.010657
-0.002836 0.002185 0.010469
-0.002849 0.002215 0.010554
-0.002850 0.001952 0.010088
-0.002848 0.002224 0.010569
-0.002842 0.002131 0.010382
-0.002855 -0.622950 3.252490
-0.366502 0.002346 2.548226
-0.002842 0.002366 0.010823
-0.002851 0.002319 0.010756
-0.002853 0.002251 0.010630
-0.002854 -0.020030 0.068089
-0.276270 0.002336 1.966048
-0.002853 0.002344 0.010807
-0.002845 0.002339 0.010777
-0.002850 0.002356 0.010823
0.926866 0.002350 2.594565
-0.002851 0.002135 0.010413
-0.002855 0.002215 0.010566
-0.002836 0.002240 0.010570
-0.002845 0.002323 0.010749
-0.002840 0.666598 3.233895
-0.002846 0.002358 0.010818
0.006472 0.002300 0.020683
0.008475 0.002190 0.026797
-0.002837 0.002367 0.010813
-0.002844 0.002342 0.010782
-0.002852 0.002252 0.010630
-0.002854 0.002320 0.010764
-0.002846 -0.420105 2.808388
-0.002843 0.002347 0.010790
-0.002853 0.002390 0.010897
0.937819 0.002316 2.584836
-0.002844 0.002391 0.010877
0.056782 0.001922 0.244400
-0.002851 0.002371 0.010856
-0.002850 0.087473 0.439191
-0.031509 0.002357 0.115738
-0.002848 0.002289 0.010692
-0.002852 -0.649082 3.246509
Iteration 45:
-0.002853 -0.005765 0.019296
-0.002854 -0.012020 0.039000
-0.002853 0.115373 0.645103
-0.002853 0.453194 2.938302
-0.002851 0.002266 0.010655
-0.002845 0.002193 0.010505
-0.002852 0.002194 0.010524
-0.002852 0.002192 0.010518
-0.002844 0.002160 0.010442
-0.002843 0.002294 0.010686
-0.002847 0.002358 0.010820
-0.002853 0.002190 0.010518
-0.002848 0.001967 0.010110
-0.002850 0.002209 0.010545
-0.002849 0.002245 0.010610
-0.002840 0.404489 2.739060
-0.001712 0.002273 0.008265
0.008077 0.002261 0.025595
-0.002844 0.002240 0.010587
-0.002844 0.002319 0.010738
-0.002844 0.002108 0.010347
-0.002849 0.002305 0.010724
-0.002846 0.002263 0.010637
-0.002852 0.002363 0.010840
-0.002851 0.002133 0.010408
-0.002846 0.002320 0.010743
-0.002850 0.002331 0.010774
-0.002850 0.002289 0.010695
-0.002851 0.002298 0.010714
-0.002853 0.002044 0.010254
0.634658 0.002044 3.251648
0.971605 0.002297 2.589305
-0.002847 0.002226 0.010569
-0.377170 0.002301 2.605021
0.003091 0.614756 3.251248
-0.002852 0.002383 0.010880
-0.002851 0.002056 0.010271
-0.002847 0.002065 0.010278
-0.002849 0.001970 0.010117
-0.002837 0.002356 0.010794
-0.002842 0.002243 0.010589
-0.002847 0.002193 0.010509
-0.002850 0.002111 0.010366
-0.002850 -0.436411 2.875262
-0.002845 0.556182 3.199916
-0.002852 0.002251 0.010628
-0.002838 0.002228 0.010552
-0.002842 -0.236567 1.656808
-0.002845 0.002360 0.010818
-0.002843 0.002364 0.010822
Iteration 46:
-0.233589 -0.119313 1.928534
-0.002843 -0.115062 0.642680
-0.002846 0.002198 0.010516
-0.002845 0.002258 0.010626
-0.002849 0.002217 0.010558
-0.002848 0.002221 0.010561
-0.175545 0.002274 1.143136
-0.002843 0.002260 0.010624
-0.002846 0.002316 0.010736
-0.002849 0.002361 0.010830
-0.002848 0.002160 0.010451
-0.002849 0.002144 0.010424
-0.002851 0.002266 0.010653
-0.002850 0.002245 0.010612
-0.002851 0.002133 0.010408
-0.002851 0.002133 0.010408
-0.002844 -0.646920 3.247585
-0.002844 0.002108 0.010347
-0.002248 0.760703 3.053218
-0.002318 -0.006156 0.019758
-0.002845 0.002195 0.010507
-0.001810 0.002162 0.008186
-0.002845 -0.002621 0.011340
-0.002746 0.002272 0.010420
-0.002846 0.002282 0.010673
-0.002852 -0.000984 0.008776
-0.002849 0.002282 0.010680
0.247424 0.002297 1.744001
-0.002852 0.002266 0.010655
-0.377170 0.002206 2.605015
-0.002847 0.002189 0.010500
-0.002348 0.002265 0.009512
-0.002850 0.002086 0.010321
-0.002214 0.002217 0.009123
-0.002849 0.002174 0.010478
-0.002850 0.002361 0.010832
-0.002848 -0.508559 3.105572
0.144972 0.002300 0.884212
-0.002849 0.002323 0.010758
-0.002852 0.002251 0.010627
0.721335 -0.068518 3.225963
-0.002851 0.002245 0.010615
-0.002848 0.002283 0.010678
-0.002849 0.002333 0.010778
-0.002850 0.002251 0.010623
-0.002847 0.002288 0.010687
-0.002848 0.002293 0.010699
-0.002849 0.002200 0.010526
-0.002852 0.002069 0.010296
0.740308 0.002241 3.107086
Iteration 47:
-0.002849 0.002266 0.010649
-0.002848 0.204372 1.389150
-0.002844 0.002262 0.010629
-0.002847 0.002281 0.010673
-0.002851 0.002253 0.010629
-0.002850 0.002231 0.010584
-0.002716 0.829968 2.835828
-0.002483 0.002249 0.009774
-0.002851 0.002132 0.010408
-0.002849 0.002169 0.010469
-0.002851 0.001029 0.008819
-0.002852 0.334186 2.360598
-0.002849 0.002273 0.010661
-0.002848 0.002159 0.010448
-0.002805 -0.000331 0.008200
-0.002845 0.002127 0.010384
-0.002254 0.002214 0.009202
-0.002850 0.002227 0.010577
-0.002262 0.001564 0.007978
-0.002811 0.002136 0.010317
-0.002851 0.002104 0.010358
0.372031 0.000119 2.577899
-0.002848 0.002315 0.010740
-0.002749 0.002263 0.010409
-0.002852 0.001668 0.009635
-0.001872 0.002218 0.008432
-0.002849 -0.000369 0.008344
0.761669 0.002125 3.050493
-0.002848 0.498746 3.080435
-0.002844 -0.968099 2.586324
-0.002849 0.002228 0.010578
-0.002849 0.002200 0.010526
-0.126708 0.002261 0.734609
-0.002845 0.002259 0.010627
-0.002721 -0.000823 0.008256
-0.002765 0.002233 0.010388
-0.002287 0.002209 0.009262
-0.002851 0.002133 0.010408
-0.002848 0.002125 0.010387
-0.002479 0.002104 0.009479
-0.002828 0.002228 0.010529
-0.002847 0.002206 0.010533
-0.002850 0.002094 0.010336
-0.002849 0.002198 0.010523
-0.002851 0.002133 0.010408
-0.002847 0.002108 0.010352
-0.002849 0.002245 0.010610
-0.002848 0.002206 0.010533
-0.002852 0.002157 0.010454
-0.002846 0.002170 0.010463
Iteration 48:
-0.002603 0.001626 0.008931
-0.002508 0.002106 0.009548
-0.002790 -0.038331 0.147561
-0.002537 0.002155 0.009709
-0.002842 0.002138 0.010398
-0.002817 0.002196 0.010443
-0.002845 0.002127 0.010384
-0.002845 0.002127 0.010384
-0.002669 0.002134 0.009977
-0.002436 0.002213 0.009596
-0.002850 0.002220 0.010565
0.855332 0.002168 2.755249
-0.002848 0.002189 0.010503
-0.002817 -0.000582 0.008357
-0.002834 0.002147 0.010393
-0.002367 0.002208 0.009434
-0.002822 0.002247 0.010550
-0.002831 0.002136 0.010365
-0.002831 0.002133 0.010359
-0.002850 0.002094 0.010336
-0.002850 0.002179 0.010490
-0.002353 0.002208 0.009406
-0.002830 0.002128 0.010349
-0.002852 0.002163 0.010464
-0.002847 0.265045 1.881513
-0.002846 0.002164 0.010453
-0.002556 0.002226 0.009893
-0.871684 0.001591 2.707364
-0.002457 0.002151 0.009521
-0.002841 0.002228 0.010560
-0.002852 0.001668 0.009635
-0.002849 0.001607 0.009537
-0.002836 0.002228 0.010547
-0.002260 0.002193 0.009171
-0.002791 -0.579417 3.229008
-0.002847 0.002108 0.010352
-0.002850 0.002094 0.010336
-0.002755 0.001863 0.009702
-0.002777 0.002117 0.010200
-0.002540 0.001029 0.007951
-0.002827 0.002116 0.010319
-0.002851 0.861123 2.737904
-0.002851 0.002094 0.010337
-0.002852 0.026137 0.092670
-0.002454 0.002207 0.009624
-0.002680 0.002209 0.010144
0.216503 0.001883 1.491191
-0.002433 0.001814 0.008829
-0.002851 0.002124 0.010392
-0.002849 0.002209 0.010543
Iteration 49:
-0.002827 0.002113 0.010314
-0.002850 0.002096 0.010340
-0.002540 0.001029 0.007951
-0.002540 0.001029 0.007951
-0.002564 0.001840 0.009191
-0.002839 0.002155 0.010418
-0.002809 0.002142 0.010324
-0.002720 -0.673565 3.226946
-0.002541 0.002138 0.009686
-0.002436 0.002213 0.009596
-0.002596 0.001554 0.008801
-0.002823 0.001297 0.009043
-0.002436 0.009435 0.030089
-0.002758 0.000019 0.008004
0.660061 0.002168 3.239364
-0.002539 0.002004 0.009427
-0.002556 0.002094 0.009636
-0.002820 0.001771 0.009714
-0.002556 0.002221 0.009883
-0.561472 0.002212 3.207491
-0.002800 0.002138 0.010293
-0.002707 0.941508 2.582774
-0.002404 0.002164 0.009429
-0.002652 0.002121 0.009912
-0.002573 0.001869 0.009264
-0.002842 0.001778 0.009782
-0.002611 0.702630 3.186323
-0.002625 0.001843 0.009346
-0.002842 0.002200 0.010510
-0.002454 -0.463154 2.972947
0.192731 0.001029 1.289960
-0.002817 0.002195 0.010441
-0.002549 0.002115 0.009659
-0.002754 0.001900 0.009763
-0.002508 0.002107 0.009550
-0.002547 0.001140 0.008101
-0.002844 0.002122 0.010371
-0.002416 0.002183 0.009493
-0.002849 -0.458717 2.957780
0.511678 0.002177 3.113115
-0.002684 0.970287 2.588135
-0.002844 0.002141 0.010406
-0.002843 0.002214 0.010537
-0.002684 -0.770770 3.024307
-0.002500 0.002042 0.009407
-0.002602 0.001906 0.009400
-0.002671 0.405106 2.741887
-0.002716 0.002180 0.010173
-0.002850 0.001819 0.009867
-0.002603 0.001901 0.009393
